1.36637	21.6892	17.3513	1.37688	-21.8247	17.4597	3.22058	-0.0892361	43.5566	3.22613	-0.0892361	43.5622
3.99757	21.4341	17.1473	4.11168	-21.6227	17.2981	4.75172	-0.305124	43.7633	4.81201	-0.305124	43.6844
6.18231	21.2694	17.0155	6.50649	-21.6172	17.2937	6.01321	-1.09588	44.278	6.1845	-1.09588	43.9157
7.8527	20.7288	16.583	7.57283	-22.9172	18.3337	6.78024	-3.14643	45.5169	6.63236	-3.14643	45.0902
8.17897	16.7699	13.4159	3.17435	-31.4923	25.1938	7.54945	-5.9859	47.5208	4.90501	-5.9859	50.7969
-0.262343	0.327929	0.262343	1.34504e-15	-0	1.02889e-14	15.6769	-2.80679	50.1579	19.5825	-2.80679	72.9966
3.03454	3.79318	3.03454	1.1287e-14	-0	-9.8269e-15	13.9812	0.109582	56.0696	23.4111	0.109582	72.5613
6.85283	8.56603	6.85283	-2.78355e-14	-0	-9.63221e-14	3.09449	0.601731	72.3217	38.6319	0.601731	75.6452
-3.56269	6.94556	5.55645	1.16731e-13	-0	-3.19081e-14	9.26136e-14	-5.44769e-14	0	26.1858	-33.4073	109.692
-2.75928	6.09278	4.87422	-9.90956e-13	-0	-8.07607e-13	-5.65276e-13	-6.16423e-13	0	27.2468	-34.6485	110.447
-2.01995	5.28835	4.23068	-8.2652e-14	-0	-2.57692e-14	-1.6059e-13	7.18201e-14	0	28.2384	-35.8234	111.168
-1.3394	4.52974	3.62379	-7.25341e-13	-0	-5.21987e-13	-4.71892e-13	1.03924e-13	0	29.1658	-36.9357	111.856
-0.823404	3.82846	3.06276	6.74387e-13	-0	1.0708e-12	3.12338e-13	1.27579e-12	0	30.0014	-38.0161	112.628
-0.401474	3.24064	2.59251	1.61989e-13	-0	3.40057e-13	-1.48923e-13	-2.15608e-13	0	30.7069	-39.0216	113.334
0.395606	2.94362	2.3549	-1.14396e-14	-0	2.60682e-14	-7.488e-15	5.30168e-14	0	31.3553	-39.6987	113.646
1.7343	3.00859	2.40687	3.97127e-14	-0	1.57683e-14	3.43024e-14	1.26625e-14	0	31.9227	-39.853	113.25
3.37055	4.21319	3.37055	2.32176e-14	-0	8.99392e-14	-4.22518e-14	-2.12431e-14	0	31.8853	-38.6481	111.759
5.65809	7.07261	5.65809	-2.18866e-13	-0	3.37695e-14	-1.75776e-13	4.13916e-14	0	30.9282	-34.1939	108.246
9.75008	12.1876	9.75008	6.44717e-14	-0	-5.20364e-14	9.34128e-14	-1.24294e-13	0	28.7092	-21.6935	101.022
17.8324	22.2906	14.8057	8.67244e-14	-0	-4.73186e-14	1.64826e-13	1.64742e-14	0	29.212	1.7445	85.0857
37.5286	46.9108	27.4237	41.8839	-52.3549	4.46328	-2.78939	-4.71505	48.1005	38.8838	17.6525	48.6047
37.6731	47.0914	27.1033	42.0044	-52.5055	4.43255	-2.40507	-4.7088	47.8463	38.8708	17.5252	48.5884
37.9575	47.4469	27.0495	42.3224	-52.903	3.93771	-2.16375	-4.46168	47.8029	39.1504	18.1318	48.938
38.836	48.545	28.1019	43.1317	-53.9146	2.10906	-2.55094	-3.93916	48.728	40.2178	20.3471	50.2722
49.6172	62.0215	32.7247	48.5109	-60.6386	-8.00563	-0.305301	-3.88748	54.3121	45.9326	26.6754	57.4158
2.65145e-13	0	7.53725e-13	40.0402	-50.0503	-40.0402	47.6779	21.4899	102.451	-10.467	-5.23668	60.4898
-4.86659e-15	0	5.07923e-13	45.1104	-56.388	-45.1104	57.5566	23.3007	104.38	-11.9206	-8.6348	70.9318
2.01748e-13	0	5.84431e-13	51.7294	-64.6618	-51.7294	90.9444	36.4456	113.681	-37.4599	-30.4399	108.25
4.90266e-13	0	3.52177e-12	1.40195e-06	-1.86681e-06	7.95614e-07	-6.83332	40.5161	104.241	-8.09881e-13	1.93321e-12	0
-1.1792e-14	0	6.19246e-15	3.56717e-06	-4.73448e-06	1.92479e-06	-6.70315	39.9925	104.264	-2.53441e-14	9.45095e-15	0
-2.09377e-17	0	-2.80105e-17	3.96879e-06	-5.23432e-06	2.017e-06	-6.58929	39.5309	104.279	-9.94467e-17	1.69205e-16	0
-9.21087e-15	0	7.01375e-14	4.42363e-06	-5.80113e-06	2.08622e-06	-6.48976	39.1267	104.29	-2.27477e-14	6.50044e-15	0
-2.51838e-12	0	6.37445e-14	5.06072e-06	-6.60209e-06	2.55536e-06	-6.40664	38.8168	104.448	-2.60503e-12	-1.14826e-12	0
-9.96115e-15	0	4.49488e-15	6.47617e-06	-8.27504e-06	4.96058e-06	-6.31726	38.3416	104.714	-1.15583e-14	4.54268e-15	0
6.68851e-13	0	-1.13779e-13	1.41751	-1.77189	1.41751	-5.69232	36.6155	104.687	4.68443e-13	5.96917e-13	0
-1.00187e-13	0	-1.56836e-13	6.42971	-8.03714	1.43513	-3.14811	35.395	105.488	-3.24905e-14	-4.5081e-14	0
2.20899e-13	0	-5.72566e-13	15.164	-18.955	-5.22026	1.94434	37.282	108.543	2.41747e-13	2.23413e-13	0
5.10401e-13	0	4.22894e-13	24.8121	-31.0151	-9.20079	7.2302	34.8128	109.451	1.52095e-13	3.82902e-13	0
-1.26942e-13	0	3.65571e-14	35.2684	-44.0855	-7.66587	13.3741	25.3803	105.264	-9.04084e-14	-7.9557e-14	0
4.13537e-14	0	1.04747e-13	49.6722	-62.0903	1.74834	27.3607	10.9696	88.2135	1.71184e-13	-1.18192e-14	0
74.983	93.7287	30.4247	75.3577	-94.1972	19.7156	26.8441	2.33047	43.2617	34.1086	-0.146247	42.6357
72.9524	91.1905	30.3129	73.701	-92.1263	19.8357	25.6897	2.34319	42.8547	33.5992	-0.12013	41.9991
71.5883	89.4853	30.0435	72.4829	-90.6036	20.336	25.2507	1.8779	42.5384	32.9989	-0.463951	41.2486
73.2635	91.5794	28.9981	74.74	-93.425	21.9637	28.1504	-0.266601	42.5141	32.916	-2.23669	41.145
81.6985	102.123	23.1852	96.1524	-120.19	35.264	36.5237	-4.87059	45.6546	37.5159	-6.02178	46.8949
72.6321	90.7901	-72.6321	1.10861e-13	-0	-2.24903e-13	-58.0203	-0.201356	72.5253	95.4096	-24.7917	120.655
76.5812	95.7265	-76.5812	6.55763e-16	-0	-1.40393e-15	-65.6358	4.2893	82.0448	107.091	-29.1335	133.863
76.628	95.785	-76.628	7.69606e-15	-0	-1.15357e-14	-121.067	24.5145	151.334	142.308	-33.942	177.885
6.87755	8.59693	-6.87755	-3.16913e-14	-0	-7.99681e-14	-1.34538e-15	1.34237e-14	0	-5.10954	-46.2863	89.4453
6.60065	8.25081	-6.60065	1.26529e-12	-0	2.19531e-14	4.66706e-13	-8.80297e-14	0	-5.26278	-45.2373	90.7112
6.28497	7.85621	-6.28497	4.76524e-15	-0	4.03849e-15	3.85564e-15	-3.77437e-14	0	-5.45001	-44.2759	91.8889
5.98421	7.48026	-5.98421	4.8584e-14	-0	7.79209e-14	1.03628e-14	-4.80009e-15	0	-5.6352	-43.4276	92.9876
5.56431	6.95539	-5.56431	-7.75729e-14	-0	2.2046e-14	-1.34815e-13	7.77266e-15	0	-5.97203	-42.7824	93.6482
5.62846	7.03558	-5.62846	-1.30373e-13	-0	6.36427e-14	-9.93386e-14	-1.72884e-12	0	-6.01988	-42.7621	95.6156
7.65263	9.56579	-7.65263	2.00093e-12	-0	2.67366e-12	1.15805e-12	-3.31907e-14	0	-4.78547	-44.1488	99.2393
11.8001	14.7501	-11.8001	6.40361e-13	-0	3.78334e-13	4.32338e-13	1.20855e-13	0	-2.07543	-46.7675	103.485
17.9966	22.4957	-17.9966	-2.09295e-13	-0	-2.43277e-14	-2.40185e-13	-5.42163e-13	0	2.10768	-49.8169	107.315
26.6376	33.297	-26.6376	-4.04589e-14	-0	-5.85134e-14	-3.00746e-14	-3.80451e-13	0	7.95966	-51.6714	110.625
37.0659	46.3323	-32.7969	4.21344e-13	-0	5.0918e-13	-4.83307e-15	-1.49013e-13	0	15.4433	-42.2684	108.285
57.1842	71.4802	-13.8737	-9.47968e-14	-0	7.26133e-13	1.82129e-14	-6.71147e-13	0	33.6721	-14.2484	91.9861
97.8206	122.276	28.6335	96.1508	-120.188	19.796	34.9137	8.10447	43.6421	40.2683	7.83477	51.0308
95.0298	118.787	28.7103	93.0282	-116.285	19.9155	34.1954	7.50934	42.7443	38.1508	7.19073	50.3426
93.3832	116.729	29.0876	91.2328	-114.041	19.7397	33.5902	7.58751	41.9878	37.3957	7.352	49.8325
95.2844	119.105	31.3065	92.8449	-116.056	19.1737	33.6398	9.1957	42.0497	39.6687	9.36372	50.4784
120	150	46.4509	103.945	-129.932	10.5868	40.9483	12.6663	51.1854	46.1311	13.5412	57.6639
9.72034e-14	0	6.91845e-12	74.6353	-93.2941	-74.6353	100.557	40.3685	125.696	-65.8098	-15.8839	82.2623
-2.08963e-15	0	2.71608e-15	78.0973	-97.6217	-78.0973	113.666	48.9535	142.083	-76.0352	-23.4739	95.044
-3.27266e-13	0	-1.07708e-12	76.7364	-95.9205	-76.7364	150.887	46.1939	188.609	-143.588	-53.3505	179.484
-1.94815e-12	0	9.33588e-13	8.80084	-11.0011	-8.80084	-8.17786	46.5546	89.7976	-7.81361e-13	1.12138e-13	0
-6.23285e-14	0	1.16931e-13	8.16157	-10.202	-8.16157	-8.69519	45.301	90.3223	-2.44383e-13	6.27138e-14	0
5.20935e-12	0	4.12564e-12	7.44786	-9.30982	-7.44786	-9.44685	44.4965	91.816	6.71367e-12	-2.5864e-13	0
3.20863e-12	0	-1.91268e-12	6.7979	-8.49737	-6.7979	-10.1255	43.7858	93.1884	-2.43649e-12	-7.78492e-13	0
-2.71897e-13	0	2.89437e-14	6.31198	-7.88998	-6.31198	-10.7108	43.4941	94.8682	-4.09031e-13	-4.25854e-13	0
-3.45128e-12	0	-1.18019e-12	6.61617	-8.27021	-6.61617	-10.8958	44.452	98.3262	7.65917e-13	-2.23293e-13	0
7.42127e-13	0	9.55976e-13	8.66283	-10.8285	-8.66283	-9.82432	46.7281	103.203	3.66689e-13	2.70869e-13	0
-5.65833e-13	0	3.15064e-13	12.5258	-15.6572	-12.5258	-7.27668	50.1109	108.463	-2.9074e-13	-6.532e-14	0
1.25431e-13	0	8.43418e-14	17.9165	-22.3957	-17.9165	-3.38587	53.7439	113.084	5.04522e-14	2.86721e-13	0
-8.38659e-14	0	-5.53733e-13	24.8987	-31.1233	-24.8987	1.94546	55.9121	116.266	-2.3668e-13	3.48516e-13	0
2.36226e-14	0	1.65078e-13	33.2737	-41.5922	-33.2737	9.95746	51.6025	114.286	-8.58979e-14	-2.88562e-16	0
1.6544e-13	0	-4.71796e-13	46.004	-57.505	-24.0289	24.9252	28.5381	96.4237	1.15538e-13	-9.50378e-13	0
87.6413	109.552	25.6115	84.2223	-105.278	24.5632	24.0658	-1.7538	54.6073	29.5936	-2.09844	43.1756
82.7984	103.498	25.7716	79.8108	-99.7635	25.0881	21.976	-1.66251	53.401	27.1703	-1.98636	42.7024
79.4736	99.3419	25.5724	76.6739	-95.8424	25.8424	21.4302	-2.3546	52.3789	24.8203	-2.56596	42.5738
79.3985	99.2481	25.1845	76.7168	-95.896	27.8164	23.6564	-4.43434	52.4936	22.7081	-4.37522	43.9568
87.6752	109.594	20.2985	96.8184	-121.023	38.7382	31.0481	-7.0508	56.0766	24.5529	-6.64584	54.1288
61.954	77.4425	-61.954	2.35565e-13	-0	5.02094e-13	-65.281	1.52525	81.6012	87.5876	-22.4917	114.922
65.2196	81.5245	-65.2196	1.68865e-14	-0	-8.17154e-14	-75.606	5.52045	94.5075	100.372	-23.6793	125.464
64.7067	80.8834	-64.7067	6.97295e-15	-0	3.51501e-15	-134.551	22.6569	168.188	130.673	-21.8236	163.341
4.20419	5.25523	-4.20419	9.92387e-13	-0	1.85629e-13	9.04131e-13	-4.08412e-13	0	-14.3719	-47.4445	94.0173
3.94193	4.92741	-3.94193	-1.8651e-13	-0	-1.87002e-13	-2.99742e-13	-1.81539e-13	0	-14.5583	-46.574	95.2272
3.70108	4.62635	-3.70108	-1.34611e-13	-0	-8.14954e-14	1.94142e-13	-1.37905e-14	0	-14.7358	-45.8081	96.3531
3.47968	4.3496	-3.47968	1.84932e-13	-0	-3.05171e-14	3.40286e-13	-8.71385e-14	0	-14.9033	-45.1355	97.4016
3.41805	4.27257	-3.41805	4.51229e-13	-0	2.9219e-13	1.56425e-13	-2.16202e-13	0	-14.9848	-44.8766	98.6707
3.57055	4.46319	-3.57055	-3.69493e-13	-0	2.05797e-14	-2.21621e-13	-1.516e-13	0	-15.1303	-45.3556	101.207
4.60323	5.75404	-4.60323	-4.09284e-13	-0	1.7457e-13	4.20852e-14	-5.58977e-13	0	-14.5548	-46.1947	104.024
7.12647	8.90808	-7.12647	-1.19474e-13	-0	1.18212e-13	-2.33439e-13	-3.615e-13	0	-12.7151	-47.8521	107.364
9.9902	12.4878	-9.9902	-7.53909e-13	-0	2.09097e-14	-8.13885e-13	7.03621e-14	0	-10.3171	-48.151	108.725
13.7661	17.2076	-13.7661	-5.11884e-13	-0	2.17183e-13	-6.68524e-13	4.12319e-14	0	-7.07568	-46.4202	108.334
18.3244	22.9055	-15.922	-3.88679e-14	-0	-1.05027e-13	-4.17969e-14	8.48668e-14	0	-2.75031	-36.7325	101.641
30.1446	37.6807	3.07169	3.15491e-13	-0	-4.94139e-14	2.85827e-13	-9.72176e-14	0	6.96905	-13.7519	83.1065
60.2284	75.2855	34.429	59.5044	-74.3805	25.3773	4.92756	6.38969	48.9316	17.3835	6.8546	48.1629
57.1648	71.456	34.4613	56.3955	-70.4944	25.3903	3.62082	6.1325	48.1951	15.9228	6.59166	47.2319
55.4097	69.2621	34.6524	54.7785	-68.4731	24.7279	2.27826	6.65897	47.7349	16.2284	7.17965	46.212
56.7599	70.9499	35.3822	56.3382	-70.4227	24.0957	1.75576	8.09817	48.455	18.7494	8.73244	46.2876
74.3581	92.9476	44.4209	64.4246	-80.5307	19.8646	3.20719	9.64721	57.7224	25.5631	10.4816	49.3534
-2.52278e-12	0	5.25514e-13	45.8929	-57.3661	-45.8929	59.2183	17.2745	120.819	-50.2084	9.12869	62.7605
1.94914e-13	0	2.19675e-13	50.9932	-63.7416	-50.9932	77.088	13.6264	118.67	-62.9005	4.16288	78.6256
6.09915e-12	0	-4.72936e-13	53.3081	-66.6352	-53.3081	108.284	9.52398	135.355	-113.398	-6.8532	141.747
8.43442e-15	0	2.55571e-15	0.999115	-1.24889	-0.999114	-19.0401	47.7148	102.693	-4.21418e-15	4.02464e-17	0
1.14559e-13	0	-1.30711e-13	0.724217	-0.905272	-0.724217	-19.1243	46.5789	103.203	1.8331e-13	-1.78399e-13	0
-7.35728e-14	0	1.33333e-13	0.47832	-0.597901	-0.47832	-19.1911	45.5698	103.672	-1.148e-13	1.0046e-13	0
-3.54646e-13	0	-1.36414e-13	0.258215	-0.322769	-0.258215	-19.2418	44.6746	104.103	-2.44555e-13	-8.63564e-14	0
-5.45697e-16	0	2.18813e-15	2.11188e-05	-2.66038e-05	-2.10166e-05	-19.3858	44.0106	104.79	-6.18517e-16	9.85847e-15	0
-8.15089e-14	0	1.09145e-12	6.72424e-06	-8.55344e-06	-6.62021e-06	-19.5045	43.9829	106.528	-1.8879e-13	4.5309e-13	0
-1.65211e-13	0	2.00083e-13	0.0544097	-0.0680123	-0.0544095	-19.5519	43.4832	108.011	-1.82599e-13	-7.29204e-13	0
-1.02856e-13	0	9.98214e-14	1.80377	-2.25471	-1.80377	-18.1379	43.8006	109.825	-1.04993e-13	2.22488e-13	0
-3.89688e-14	0	-7.71692e-14	3.26099	-4.07624	-3.26099	-16.7263	42.1301	109.996	-2.8917e-14	-1.94546e-15	0
-1.54967e-13	0	7.61004e-14	5.4653	-6.83163	-4.03365	-14.9349	38.0406	107.619	-2.00583e-13	-5.09634e-14	0
-6.59325e-14	0	-5.58047e-14	10.829	-13.5362	3.37684	-12.871	25.9632	98.7155	-5.26912e-14	-4.93623e-13	0
1.7991e-13	0	-8.27033e-13	21.145	-26.4312	14.4985	-3.15568	9.11459	81.4092	2.44284e-13	-4.59703e-13	0
44.0078	55.0097	30.7779	44.4063	-55.5079	33.0378	4.28118	-3.84587	47.6134	1.06778	-3.70865	45.232
41.956	52.445	30.4762	42.2992	-52.874	32.926	3.60888	-3.67967	46.6827	0.207547	-3.53443	44.5495
40.9528	51.1911	29.5607	41.1039	-51.3799	33.1735	4.47757	-4.40033	45.6463	-1.04947	-4.16431	44.2142
43.3778	54.2222	28.0437	43.1525	-53.9407	33.6678	8.01806	-5.9563	45.1942	-1.33857	-5.55675	44.6953
51.1378	63.9223	23.955	58.8013	-73.5017	41.2931	14.8235	-7.62445	47.6553	0.204698	-7.0002	52.5155
39.5	49.375	-39.5	-2.76969e-13	-0	-9.4099e-13	-44.6815	-12.0303	55.8519	50.2257	-16.4838	115.858
44.3234	55.4043	-44.051	-4.74294e-16	-0	1.43944e-14	-56.2908	-7.14471	70.3635	66.9728	-13.077	113.525
47.0933	58.8666	-43.965	-1.96892e-12	-0	-5.75394e-13	-104.007	5.12533	130.008	97.9812	-8.05437	122.476
3.33143e-07	6.32118e-07	-3.45335e-07	4.69541e-15	-0	2.9098e-15	6.10041e-15	1.72333e-15	0	-19.4504	-47.9763	101.627
5.42682e-07	1.07428e-06	-5.69183e-07	-6.5989e-17	-0	-4.48611e-20	-7.46995e-17	2.33621e-16	0	-19.262	-46.9857	102.269
5.15575e-07	1.0596e-06	-5.48035e-07	2.96548e-16	-0	1.25854e-14	-3.31434e-15	-3.81279e-15	0	-19.0847	-46.109	102.86
4.88599e-07	1.04681e-06	-5.27435e-07	4.65166e-14	-0	-9.60742e-15	5.44911e-14	6.01459e-15	0	-18.917	-45.3344	103.403
4.2266e-07	1.01017e-06	-4.81457e-07	-4.0892e-16	-0	6.59647e-16	-6.36723e-16	-6.82895e-17	0	-18.8126	-44.8152	104.21
2.92023e-07	7.24465e-07	-2.94667e-07	3.82218e-13	-0	-1.18097e-12	5.42833e-13	-1.85379e-15	0	-18.8596	-44.6901	105.765
1.25457e-07	2.68516e-07	-7.21342e-08	-1.39575e-12	-0	9.07245e-13	-1.59172e-12	1.22764e-13	0	-18.8901	-44.1495	107.091
3.75198e-07	6.15475e-07	9.67936e-08	-1.88781e-14	-0	-4.44491e-14	1.50882e-14	-1.05736e-13	0	-18.7885	-43.0637	107.493
3.34874e-07	4.57332e-07	2.73746e-07	-7.29393e-14	-0	-1.93717e-14	-9.23408e-14	-3.1145e-14	0	-18.4805	-39.8997	106.551
2.69934	3.37417	2.69934	-1.38901e-13	-0	-5.73901e-13	-3.58759e-14	1.83545e-13	0	-17.4591	-33.9906	102.973
8.2168	10.271	8.2168	-4.08797e-14	-0	6.27096e-14	-6.2155e-14	7.68922e-14	0	-14.8601	-22.9846	94.7086
17.5662	21.9577	17.5662	1.15668e-13	-0	1.75281e-14	1.14251e-13	-7.7584e-14	0	-5.70708	-6.5499	77.7768
36.0057	45.0072	36.0057	33.4053	-41.7566	29.4334	-7.55018	5.74062	46.1952	3.25431	6.23501	44.7954
34.6475	43.3093	34.6475	31.8855	-39.8569	29.3072	-8.09954	5.15051	45.8985	3.1305	5.66437	44.1423
34.0255	42.5319	34.0255	31.3276	-39.1595	28.5673	-9.00302	5.43357	45.7934	4.28705	6.0417	43.3464
35.9015	44.8769	35.9015	33.9225	-42.4031	26.753	-9.09525	7.15702	45.7592	7.32483	7.90837	42.6758
51.0429	63.8037	44.2815	42.1173	-52.6466	22.2424	-6.81726	8.8079	52.2408	13.564	9.7405	44.596
-6.70213e-13	0	-1.24129e-12	32.1319	-40.1648	-32.1319	37.3826	15.5525	113.311	-37.0048	12.1487	50.213
-6.75046e-13	0	-1.53506e-13	37.0383	-46.2978	-34.7805	53.9065	12.1043	111.723	-48.9514	7.15523	61.1893
-1.12014e-14	0	3.48766e-16	41.0094	-51.2618	-34.8811	86.7816	4.9737	108.477	-93.9835	-5.91308	117.479
1.33142e-13	0	-1.78938e-14	1.31809e-07	-4.78873e-07	-2.07535e-07	-20.277	47.8777	105.188	1.60631e-13	2.03366e-15	0
-6.60114e-15	0	2.39607e-13	2.09899e-07	-8.26138e-07	-3.47106e-07	-20.0579	46.834	105.578	1.03173e-14	-7.3777e-14	0
-3.27373e-14	0	4.73787e-13	1.9557e-07	-8.31233e-07	-3.41569e-07	-19.8477	45.9049	105.932	-2.00284e-13	-5.57209e-14	0
-3.16181e-14	0	-3.18812e-15	1.80649e-07	-8.37194e-07	-3.35627e-07	-19.6452	45.0791	106.254	-3.34663e-14	1.88639e-14	0
-3.02492e-15	0	-2.05338e-14	1.38945e-07	-8.39374e-07	-3.19451e-07	-19.5005	44.4872	106.832	-3.26924e-15	4.78808e-17	0
-6.72813e-15	0	5.1052e-14	7.14835e-08	-6.1637e-07	-1.77622e-07	-19.5115	44.3007	108.202	-1.99192e-15	2.58697e-14	0
-6.81252e-15	0	-4.79945e-14	4.08586e-08	-2.25593e-07	-1.56386e-08	-19.5066	43.7885	109.378	-4.68507e-14	7.07542e-13	0
2.21595e-14	0	4.15342e-13	7.88619e-08	-1.7786e-07	6.05959e-08	-19.3532	42.5601	109.633	-1.06566e-14	2.99723e-15	0
7.32212e-14	0	2.20831e-14	2.3537e-07	-3.67031e-07	2.36089e-07	-19.0111	39.5929	108.6	8.6354e-14	8.10049e-14	0
-3.65955e-14	0	-3.59277e-13	1.92122	-2.40152	1.92122	-18.0454	34.083	105.016	1.29495e-14	-2.90938e-13	0
1.76299e-14	0	-1.24781e-13	6.82842	-8.53553	6.82842	-15.4543	23.8878	96.6763	1.42574e-13	1.55129e-13	0
-1.41393e-13	0	-1.56722e-14	14.9508	-18.6885	14.9508	-7.15512	8.61425	79.5514	-8.64433e-14	-1.20771e-13	0
28.5038	35.6298	28.5038	30.1414	-37.6767	30.1414	-0.567976	-4.48927	47.0459	-7.57254	-4.15569	47.0031
27.4372	34.2965	27.4372	29.0087	-36.2609	29.0087	-0.556281	-4.21506	46.8103	-7.69714	-3.87499	47.0003
26.9302	33.6628	26.9302	28.3988	-35.4985	28.3988	0.288969	-4.42444	46.1864	-8.37703	-4.01174	46.8771
28.7051	35.8814	28.7051	30.4393	-38.0491	30.4393	3.77088	-5.61573	43.7159	-10.2276	-4.94907	45.8889
37.1352	46.419	24.405	44.0728	-55.091	42.1559	8.85363	-8.15029	43.9767	-7.75586	-7.35928	49.6399
28.0805	35.1006	-25.7732	9.74717e-13	-0	6.81897e-13	-34.0094	-9.71463	51.6742	31.1228	-12.8165	104.57
33.5682	41.9603	-24.3034	-6.27744e-13	-0	1.27538e-12	-46.8155	-4.39929	58.5194	47.7142	-9.00326	104.171
37.5998	46.9998	-24.1713	1.32833e-13	-0	2.19552e-13	-90.7469	8.54802	113.434	80.2435	-2.00618	100.488
6.96041e-09	4.67853e-07	-1.64685e-07	2.38261e-14	-0	2.94273e-15	3.02832e-14	-1.02902e-14	0	-19.8032	-48.494	103.423
-7.75534e-09	8.17117e-07	-2.75686e-07	-5.87976e-15	-0	-5.51171e-15	-8.0604e-15	1.77949e-14	0	-19.5745	-47.4452	103.875
-2.83307e-08	8.30631e-07	-2.70404e-07	-7.82029e-15	-0	-3.96797e-16	-8.52432e-15	-1.38463e-14	0	-19.3572	-46.5128	104.285
-5.00244e-08	8.45743e-07	-2.64194e-07	1.10654e-13	-0	-2.24395e-13	3.6845e-13	9.01868e-13	0	-19.15	-45.6852	104.659
-1.03194e-07	8.69529e-07	-2.50522e-07	3.90759e-17	-0	-5.29831e-17	6.3368e-17	1.66451e-16	0	-19.0004	-45.0943	105.278
-1.26772e-07	6.5985e-07	-1.10214e-07	-3.59335e-15	-0	3.57312e-14	-5.59125e-16	3.04353e-13	0	-18.9886	-44.8046	106.634
-2.75698e-08	2.38458e-07	2.46801e-08	-1.06261e-12	-0	5.38153e-13	-1.18056e-12	4.87958e-13	0	-18.9315	-44.0353	107.718
7.2653e-08	6.03257e-07	2.99297e-07	-1.03494e-13	-0	7.18573e-14	-1.30558e-13	-8.0169e-14	0	-18.782	-42.8632	107.998
1.74657e-07	4.36008e-07	3.04494e-07	-1.9925e-14	-0	-7.58464e-14	-7.4166e-14	3.76231e-13	0	-18.5098	-39.6627	107.019
2.02293	2.52866	2.02293	-6.85132e-14	-0	-2.11081e-14	-7.67089e-14	-3.39403e-14	0	-17.6146	-34.0313	103.551
6.81035	8.51293	6.81035	-1.58941e-13	-0	1.40788e-13	-1.70474e-13	-1.08715e-13	0	-15.1896	-23.9481	95.4462
14.5299	18.1623	14.5299	1.19692e-13	-0	1.58422e-14	8.17642e-14	-3.70806e-14	0	-7.27492	-8.95474	79.2073
27.7733	34.7166	27.7733	24.7033	-30.8791	24.7033	-9.89168	4.56474	50.1103	0.256363	5.05989	48.0873
26.8038	33.5048	26.8038	23.89	-29.8625	23.89	-9.81252	4.24422	49.8764	0.155956	4.73061	47.7904
26.2729	32.8411	26.2729	23.5471	-29.4338	23.5471	-10.304	4.31957	49.6378	0.853941	4.864	47.2069
28.062	35.0775	28.062	24.8819	-31.1024	24.8819	-12.8525	5.28459	49.4433	4.80748	6.14628	44.9762
41.3531	51.6914	41.3531	32.6303	-40.7878	24.0694	-11.6301	7.28637	51.2314	9.43288	8.31411	43.143
-1.67547e-12	0	-8.05464e-13	24.3701	-30.4627	-23.59	24.9214	12.1397	103.722	-30.1219	9.45398	50.5498
-2.48739e-13	0	1.8384e-12	29.8409	-37.3012	-21.4429	41.0782	8.39579	103.816	-42.7589	4.30508	55.8789
-3.01444e-13	0	-5.42405e-13	33.9584	-42.448	-20.7767	72.4791	1.83862	100.687	-85.0143	-7.96583	106.268
1.5234e-14	0	1.28647e-14	-5.52774e-08	-4.72407e-07	-1.39438e-07	-20.1165	47.7596	105.429	3.5351e-15	-6.96353e-14	0
-7.67106e-15	0	2.44145e-14	-1.14697e-07	-8.20336e-07	-2.29362e-07	-19.8902	46.7275	105.76	-1.48872e-15	8.54649e-15	0
3.94681e-14	0	-7.59267e-15	-1.37721e-07	-8.38992e-07	-2.2285e-07	-19.6725	45.8079	106.06	4.57634e-14	1.16099e-15	0
-3.21525e-14	0	2.23911e-14	-1.62261e-07	-8.59756e-07	-2.1476e-07	-19.4622	44.9897	106.331	-4.12875e-14	9.62019e-13	0
-1.3167e-15	0	-6.79193e-16	-2.19213e-07	-8.96099e-07	-1.97664e-07	-19.3073	44.4	106.853	-3.85247e-14	2.28124e-13	0
5.77101e-15	0	-4.45255e-15	-2.10993e-07	-6.84687e-07	-7.29554e-08	-19.2661	43.928	108.064	5.38936e-15	-6.16133e-15	0
-2.84781e-13	0	6.9467e-13	-6.47899e-08	-2.57329e-07	5.43961e-08	-19.1999	43.216	109.064	-4.66942e-13	3.76695e-13	0
-1.86079e-13	0	-9.58675e-13	-2.90186e-08	-2.31913e-07	1.31163e-07	-19.0755	41.9246	109.286	-1.88812e-13	-7.7494e-13	0
3.29678e-14	0	9.1031e-14	8.88693e-08	-4.59873e-07	3.27031e-07	-18.8473	38.6544	108.223	4.31414e-14	9.75146e-14	0
1.41099e-13	0	2.26098e-14	1.76553	-2.20692	1.76553	-17.9305	33.3039	104.717	1.37591e-13	2.13994e-16	0
-8.34122e-14	0	-1.86348e-13	6.22852	-7.78565	6.22852	-15.4783	23.8108	96.6212	1.31732e-13	2.38489e-13	0
-6.91864e-14	0	2.94809e-14	13.3409	-16.6761	13.3409	-7.94689	9.70773	80.67	-3.46643e-14	-6.84083e-14	0
23.1081	28.8851	23.1081	25.0547	-31.3184	25.0547	-1.89091	-4.50893	49.8004	-8.78005	-4.1673	50.4538
22.3798	27.9747	22.3798	24.197	-30.2463	24.197	-1.89895	-4.21908	49.4697	-8.74505	-3.87959	50.2277
22.0442	27.5552	22.0442	23.6344	-29.543	23.6344	-1.35478	-4.28713	49.0365	-9.13099	-3.90152	50.0497
23.3588	29.1985	23.3588	25.3626	-31.7032	25.3626	2.51986	-5.53336	46.8607	-11.6434	-4.83102	49.8616
30.0553	37.5692	25.9383	38.0866	-47.6083	38.0866	7.60938	-6.98898	43.4043	-12.2445	-6.00445	50.6995
22.912	28.64	-18.933	8.0114e-13	-0	-1.7819e-12	-29.3661	-8.01851	50.2643	22.4242	-10.5867	99.4428
28.3578	35.4473	-16.5187	4.54539e-15	-0	7.95426e-15	-41.7806	-2.8655	55.7061	38.2856	-6.83587	99.587
32.6732	40.8415	-15.4096	8.95471e-13	-0	-8.81589e-12	-84.2149	9.2941	105.269	70.0636	-0.437204	96.8697
-1.27156e-07	4.97398e-07	-1.32284e-07	4.38954e-15	-0	5.64366e-15	3.77862e-15	-5.18321e-15	0	-19.8156	-48.4048	104.224
-2.4014e-07	8.70082e-07	-2.16721e-07	2.65356e-14	-0	-9.73419e-15	2.212e-14	-1.43374e-15	0	-19.5908	-47.3785	104.589
-7.37832e-07	2.49017e-06	-5.74554e-07	-3.96333e-14	-0	-1.62644e-13	-6.36616e-14	6.34484e-14	0	-19.3751	-46.4648	104.92
-2.93095e-07	9.18288e-07	-2.02586e-07	-1.24781e-12	-0	3.27802e-13	-1.44421e-12	-4.4582e-12	0	-19.1621	-45.6117	105.209
-3.42509e-07	9.50969e-07	-1.96727e-07	1.42933e-13	-0	-2.40967e-13	1.8166e-13	5.4862e-13	0	-18.9952	-44.9202	105.722
-3.10198e-07	7.36342e-07	-6.30276e-08	3.50061e-14	-0	-2.21396e-14	3.75677e-14	4.13499e-15	0	-18.9522	-44.4507	106.934
-1.16212e-07	2.90728e-07	8.6621e-08	-1.92729e-13	-0	4.17694e-13	-9.69235e-14	9.22077e-13	0	-18.8815	-43.786	107.925
-9.76019e-08	2.63506e-07	1.56234e-07	-1.1349e-13	-0	1.36808e-13	-1.20465e-13	-1.72881e-13	0	-18.8613	-41.9981	108.129
-1.54354e-07	6.31574e-07	4.65153e-07	3.30763e-14	-0	-1.09134e-13	-3.41063e-14	1.0834e-12	0	-18.6513	-38.8162	107.068
1.81806	2.27259	1.81807	1.01529e-13	-0	-1.47716e-14	9.98399e-14	8.32986e-14	0	-17.7499	-33.4758	103.637
6.04302	8.05862	6.4469	-1.54076e-15	-0	3.92939e-14	-3.17399e-15	1.1457e-14	0	-15.5462	-23.8911	95.7276
12.9315	16.9605	13.5684	-6.9783e-14	-0	1.11434e-13	-1.12819e-13	-1.30577e-13	0	-8.2513	-9.78693	80.1649
24.2494	30.3118	24.2494	21.393	-26.7413	21.393	-9.93916	4.19716	51.9375	-1.32515	4.62872	50.0546
23.4375	29.2969	23.4375	20.7345	-25.9181	20.7345	-9.88838	3.89682	51.6779	-1.32691	4.32576	49.708
22.8209	28.7569	23.0056	20.4956	-25.6195	20.4956	-10.2187	3.93426	51.3951	-0.871834	4.40254	49.2495
24.5343	31.0768	24.8614	21.8732	-27.3415	21.8732	-12.6743	4.89176	51.1429	2.91706	5.67289	47.0711
37.3653	46.7066	37.3653	27.9362	-34.9203	25.5809	-14.3071	5.74539	52.0629	8.49071	6.88758	43.042
6.47868e-13	0	6.80475e-12	21.112	-26.3899	-18.5903	19.504	10.3045	99.7913	-27.3971	7.95473	49.6714
-5.24745e-13	0	-2.31234e-12	26.4197	-33.0247	-16.2629	34.9083	6.61391	99.9331	-39.4536	2.88835	54.9549
1.01898e-12	0	-2.24741e-12	30.8207	-38.5258	-14.6946	66.0493	0.453896	97.728	-80.9783	-8.82477	101.223
2.31216e-15	0	-1.23983e-14	-1.55051e-07	-5.12939e-07	-1.12101e-07	-20.0377	47.5292	105.618	2.72845e-15	7.38489e-15	0
-9.44432e-14	0	7.25703e-14	-7.91053e-07	-2.48588e-06	-4.90621e-07	-19.813	46.5219	105.912	-8.18407e-14	-1.37848e-13	0
-2.55551e-14	0	-9.63479e-15	-3.09829e-07	-9.14761e-07	-1.73236e-07	-19.5885	45.566	106.161	-3.03352e-14	-1.77784e-14	0
6.58827e-14	0	1.23839e-12	-3.31989e-07	-9.35262e-07	-1.68401e-07	-19.3695	44.7019	106.38	-2.72278e-13	1.29242e-12	0
4.22873e-14	0	1.47092e-13	-3.82041e-07	-9.72715e-07	-1.58326e-07	-19.2001	44.0295	106.836	4.26653e-14	8.4644e-13	0
2.29185e-16	0	-7.29757e-16	-3.49256e-07	-7.71293e-07	-1.82448e-08	-19.1537	43.574	107.994	2.29354e-15	-2.20782e-15	0
2.38928e-13	0	-1.62713e-13	-1.46842e-07	-3.23918e-07	1.21103e-07	-19.0803	42.9359	108.947	3.34101e-13	-5.39022e-13	0
-1.58596e-13	0	5.106e-14	-1.3016e-07	-2.94231e-07	1.82701e-07	-19.088	40.99	109.11	-1.51917e-13	-1.47916e-13	0
-3.21208e-14	0	-3.99007e-13	-3.5438e-07	-8.33279e-07	6.27769e-07	-18.8578	37.934	108.012	5.15069e-14	-1.07326e-13	0
5.25267e-14	0	7.34932e-14	1.1254	-2.51628	2.01302	-18.3111	32.482	104.487	1.3018e-14	3.61818e-13	0
1.63387e-13	0	1.90402e-14	5.04698	-8.11623	6.49298	-16.1503	23.2274	96.6014	9.52071e-14	-7.7145e-13	0
-7.74753e-14	0	1.33433e-14	11.6184	-16.5174	13.2139	-9.01101	9.68622	80.9948	-6.62896e-14	-7.41017e-14	0
20.9131	26.1413	20.9131	22.9455	-28.6819	22.9455	-2.49589	-4.42717	50.8237	-9.16839	-4.09055	51.7208
20.3108	25.3884	20.3108	22.2253	-27.783	22.2264	-2.37716	-4.15686	50.3982	-9.20499	-3.8124	51.4589
20.0957	25.1196	20.0957	21.398	-27.3229	21.8583	-2.21663	-4.24118	50.0697	-9.34809	-3.8814	51.1009
21.4049	26.7561	21.4049	22.9362	-29.4409	23.5527	1.3026	-5.41237	48.0884	-11.6351	-4.75967	50.8807
26.9522	33.6903	26.7924	35.5923	-44.4904	35.5923	7.19612	-6.23149	43.2768	-14.1406	-5.15507	51.3441
20.749	25.9363	-15.9796	3.56868e-13	-0	3.62228e-12	-27.4894	-7.25051	49.6552	18.8548	-9.58855	97.178
26.077	32.5962	-13.3696	-1.47901e-16	-0	-1.98241e-14	-39.5351	-2.10413	55.062	34.2046	-5.82425	97.2744
30.6164	38.2705	-11.7809	-9.22253e-13	-0	-4.08057e-13	-81.5021	9.61354	101.878	65.8594	0.239833	95.2752
-1.93861e-07	5.3162e-07	-1.181e-07	9.64847e-15	-0	-8.11602e-15	1.23374e-14	8.96538e-15	0	-19.7949	-48.3199	104.445
-3.48188e-07	9.21432e-07	-1.95974e-07	-2.76578e-13	-0	1.99237e-12	-3.99426e-13	1.82519e-13	0	-19.5671	-47.2479	104.762
-3.70755e-07	9.42242e-07	-1.93796e-07	-2.24594e-13	-0	2.89474e-14	-3.1741e-13	4.22721e-14	0	-19.3461	-46.2813	105.043
-3.94387e-07	9.64903e-07	-1.90113e-07	-1.00852e-12	-0	3.55968e-13	-1.39311e-12	1.08723e-12	0	-19.1323	-45.4213	105.296
-4.45969e-07	1.0069e-06	-1.82624e-07	1.09055e-14	-0	2.81384e-14	6.31224e-15	1.69968e-14	0	-18.9673	-44.7555	105.779
-4.01033e-07	8.00685e-07	-3.34998e-08	-5.71987e-15	-0	-1.04582e-14	-5.89394e-15	5.56337e-15	0	-18.9242	-44.31	106.957
-1.78931e-07	3.47581e-07	1.39086e-07	-3.07772e-13	-0	-2.1067e-13	-3.65973e-13	-4.20224e-13	0	-18.8482	-43.6865	107.913
-1.72432e-07	3.26581e-07	2.0587e-07	-1.71602e-13	-0	-2.87626e-15	-2.20873e-13	8.18473e-14	0	-18.9084	-41.5114	108.082
-9.35777e-07	1.47874e-06	1.14322e-06	1.04122e-13	-0	6.48901e-15	1.71067e-13	1.39235e-13	0	-18.7003	-38.4595	106.991
0.08565	3.17367	2.53893	-1.62154e-13	-0	5.03001e-13	-1.52221e-13	-1.80712e-14	0	-18.8687	-32.4655	103.437
4.16054	8.85133	7.08106	-2.72869e-15	-0	-1.16769e-13	-1.43949e-13	-2.50364e-14	0	-16.721	-23.0995	95.6682
10.8688	17.3374	13.8699	-1.08876e-13	-0	-1.38069e-13	-8.60426e-14	-9.82445e-15	0	-9.58669	-9.42364	80.3028
22.6364	28.8531	23.0825	20.2055	-25.2568	20.2055	-9.83227	4.11239	52.3111	-2.19332	4.49935	50.6666
21.5309	28.3738	22.6991	19.7556	-24.6945	19.7556	-9.7004	3.89384	51.7294	-2.46142	4.26053	50.1791
20.6445	28.0336	22.4269	19.6084	-24.5105	19.6084	-9.77535	3.97362	51.2726	-2.39794	4.34733	49.8326
22.3715	30.2625	24.21	20.9761	-26.2201	20.9761	-12.1252	4.87706	51.0487	1.28093	5.55616	47.7578
35.8094	44.7617	35.8094	26.1957	-32.7446	26.1791	-15.0622	5.14696	52.1636	7.89475	6.30985	43.0052
5.28013e-14	0	6.86202e-13	19.9346	-24.9182	-16.6516	17.6805	9.60621	98.0915	-26.5637	7.36499	49.3243
-3.08049e-13	0	-4.218e-13	25.1663	-31.4579	-14.2101	32.7747	5.90325	98.2115	-38.3899	2.29836	54.585
-2.65908e-15	0	1.16835e-14	29.6733	-37.0916	-12.4708	63.8142	-0.0751137	96.3774	-79.5985	-9.18745	99.4981
-1.40478e-14	0	2.12273e-14	-5.54102e-07	-1.50323e-06	-2.84845e-07	-19.9797	47.43	105.442	-5.27673e-15	-2.32982e-13	0
-5.20901e-15	0	8.43924e-16	-3.57928e-07	-9.2749e-07	-1.70436e-07	-19.7477	46.3593	105.717	-3.41496e-15	-1.95419e-14	0
1.80952e-13	0	2.1135e-13	-3.80516e-07	-9.49337e-07	-1.66317e-07	-19.5235	45.4049	105.962	3.00398e-13	-1.85763e-13	0
-1.14119e-12	0	-5.13687e-13	-4.04295e-07	-9.7315e-07	-1.6038e-07	-19.3061	44.5553	106.181	-1.42055e-12	-1.17614e-13	0
1.00073e-12	0	7.29653e-14	-4.56702e-07	-1.01752e-06	-1.48342e-07	-19.1378	43.8957	106.636	1.07268e-12	8.86606e-14	0
1.50583e-15	0	-2.71133e-18	-4.17299e-07	-8.23147e-07	5.81094e-09	-19.0913	43.453	107.788	-4.6055e-16	6.27606e-15	0
-3.5376e-14	0	-4.93533e-13	-1.93716e-07	-3.68259e-07	1.59752e-07	-19.0245	42.7858	108.73	-2.95758e-14	-2.56062e-13	0
1.65138e-13	0	7.24595e-14	-1.90043e-07	-3.49364e-07	2.25695e-07	-19.0726	40.639	108.885	1.93011e-13	1.50099e-13	0
5.37176e-14	0	1.79436e-14	-1.28096e-06	-1.90651e-06	1.4861e-06	-18.8447	37.6638	107.78	5.42981e-14	-1.55738e-13	0
-3.01443e-13	0	-5.4846e-14	-0.0933867	-3.18241	2.54593	-19.0642	31.7156	104.171	-3.05817e-13	8.25682e-09	0
1.40743e-14	0	-2.89974e-13	3.83902	-8.67429	6.93944	-16.8784	22.6167	96.381	8.9251e-14	6.53143e-14	0
2.25172e-14	0	-1.97697e-14	10.3451	-16.8496	13.4797	-9.80612	9.32007	80.9035	3.0679e-14	4.90963e-14	0
20.207	25.2588	20.207	22.1504	-27.9249	22.3399	-2.66505	-4.45877	51.0104	-9.37661	-4.11802	52.011
19.7614	24.7018	19.7614	21.0605	-27.4651	21.9721	-2.92577	-4.23712	50.5335	-9.24926	-3.91607	51.4434
19.6145	24.5182	19.6145	20.1791	-27.1344	21.7075	-2.86447	-4.32889	50.1954	-9.32611	-4.00083	50.9964
20.886	26.1075	20.886	21.6712	-29.1106	23.2885	0.471594	-5.44828	48.3857	-11.4442	-4.84331	50.8143
26.0577	32.5721	26.0577	34.6035	-43.2543	34.6035	6.92188	-6.16874	43.7112	-14.3172	-5.09043	51.7958
20.0379	25.0473	-14.9908	-1.90544e-12	-0	-1.4198e-12	-26.8917	-7.01136	49.4266	17.7101	-9.2758	96.3353
25.3244	31.6555	-12.316	-5.11922e-13	-0	1.25596e-12	-38.8135	-1.86251	54.8219	32.8882	-5.50282	96.4188
29.9316	37.4145	-10.5868	3.72351e-13	-0	1.0175e-12	-80.6155	9.71623	100.769	64.4913	0.453579	94.6516
-2.1497e-07	5.42173e-07	-1.16683e-07	3.55944e-15	-0	1.95408e-14	2.83299e-15	8.82659e-15	0	-19.7737	-48.2711	104.402
-3.82417e-07	9.37694e-07	-1.94572e-07	2.16999e-14	-0	3.79142e-14	1.76947e-14	-2.09715e-15	0	-19.5476	-47.1939	104.71
-4.05658e-07	9.60027e-07	-1.9219e-07	1.13728e-14	-0	5.74526e-14	2.1008e-14	-1.84825e-13	0	-19.3291	-46.2342	104.986
-4.30097e-07	9.84312e-07	-1.88224e-07	-4.52813e-15	-0	9.70825e-15	-3.73773e-15	1.06595e-14	0	-19.1173	-45.3802	105.234
-4.82872e-07	1.02971e-06	-1.80193e-07	2.69039e-14	-0	-2.35429e-14	3.17408e-14	-2.05877e-14	0	-18.9536	-44.7195	105.712
-4.34423e-07	8.26687e-07	-2.41366e-08	-2.58397e-12	-0	-3.23121e-13	-2.94871e-12	-2.2576e-12	0	-18.9111	-44.2786	106.883
-5.45591e-07	1.01339e-06	4.06106e-07	-4.19202e-13	-0	-9.16415e-14	-4.69938e-13	4.35256e-14	0	-18.8526	-43.5706	107.83
-2.05271e-07	3.59737e-07	2.31385e-07	2.04715e-14	-0	-7.27449e-14	6.55617e-15	-7.47265e-14	0	-18.9164	-41.3761	107.991
-2.27023e-06	3.11311e-06	2.45013e-06	-8.64052e-14	-0	-1.85005e-13	-3.39354e-14	8.11796e-14	0	-18.7111	-38.3639	106.895
-0.542914	3.48329	2.78663	-1.52156e-13	-0	8.46214e-15	-1.27749e-13	-7.08367e-14	0	-19.2657	-32.132	103.302
3.52838	9.10039	7.28031	-6.12605e-14	-0	7.6384e-13	-1.85604e-13	1.08974e-12	0	-17.108	-22.8515	95.5892
10.1802	17.4536	13.9629	1.13447e-14	-0	-5.27599e-14	-5.02774e-15	7.89015e-14	0	-10.0235	-9.31001	80.2992
21.8772	28.6593	22.9275	19.9038	-24.8798	19.9038	-9.76869	4.12969	52.2262	-2.63817	4.4922	50.7561
20.82	28.1813	22.5451	19.4717	-24.3396	19.4717	-9.62716	3.90952	51.6506	-2.88787	4.25214	50.2738
19.9746	27.8383	22.2706	19.3385	-24.1731	19.3385	-9.68826	3.98696	51.2007	-2.81404	4.33644	49.9374
21.6666	29.9869	23.9895	20.6817	-25.8521	20.6817	-11.9416	4.87196	51.0001	0.755966	5.51749	47.9636
35.1986	43.9982	35.1986	25.7082	-32.1352	25.7082	-15.0375	5.08005	52.3913	7.63249	6.23258	43.3168
-1.01204e-12	0	-6.78616e-12	19.5455	-24.4319	-16.0128	17.0831	9.37712	97.5155	-26.2866	7.17224	49.2008
7.27414e-13	0	-3.57688e-12	24.7495	-30.9369	-13.5369	32.0703	5.67079	97.6302	-38.0312	2.10689	54.4513
-5.01054e-15	0	4.25338e-15	29.2881	-36.6102	-11.7416	63.0641	-0.247937	95.9198	-79.1225	-9.30192	98.9032
-3.10514e-16	0	1.47142e-14	-2.14257e-07	-5.44431e-07	-1.02254e-07	-19.954	47.3667	105.346	-8.48692e-16	6.3105e-15	0
