0	0	0	0.35	0	0	0	-0	0	-0	0	0	0
1	3.68986e-07	-1.26058e-08	0.35	0.000737971	-2.52116e-05	-1.87943e-05	-7.94677e-08	-4.0659e-08	-3.77021e-07	-0.000158935	-8.13181e-05	-0.000754042
2	1.81654e-06	-6.98898e-08	0.35	0.00215715	-8.93564e-05	-4.054e-05	-1.41528e-06	-1.88823e-07	-1.56385e-06	-0.00251269	-0.000215011	-0.00161961
3	4.97291e-06	-2.61213e-07	0.35	0.00415558	-0.000293289	-1.33113e-05	-9.18487e-06	-3.14173e-07	-2.00675e-06	-0.0130265	-3.56941e-05	0.000733802
4	1.02864e-05	-8.95033e-07	0.35	0.00647134	-0.000974351	0.000256498	-3.31165e-05	1.45774e-06	6.67869e-06	-0.0348367	0.00357989	0.016637
5	1.77136e-05	-2.94118e-06	0.350001	0.00838315	-0.00311795	0.00144204	-5.34627e-05	3.54645e-06	1.94902e-05	-0.00585565	0.000598627	0.00898591
6	2.75019e-05	-6.27135e-06	0.350002	0.0111935	-0.00354239	0.00154265	-5.2161e-05	3.05386e-06	3.0106e-05	0.00845906	-0.00158268	0.0122457
7	4.03186e-05	-9.65265e-06	0.350004	0.0144398	-0.0032202	0.00230563	-3.74467e-05	-9.42875e-07	5.00107e-05	0.0209697	-0.00640902	0.027564
8	5.67089e-05	-1.24806e-05	0.350008	0.0183408	-0.00243569	0.00492795	-3.55742e-05	-6.57633e-06	3.56655e-05	-0.0172247	-0.00485894	-0.0562538
9	7.59581e-05	-1.59787e-05	0.350013	0.0201575	-0.00456062	0.00437261	-5.16365e-05	-1.10318e-05	-9.21156e-06	-0.0148992	-0.00405595	-0.0334999
10	9.70989e-05	-2.16859e-05	0.350017	0.0221239	-0.00685369	0.0038231	-6.54319e-05	-1.47838e-05	-3.0906e-05	-0.0126912	-0.00345047	-0.0098885
11	0.000120275	-2.97656e-05	0.35002	0.0242293	-0.00930572	0.0032798	-7.70765e-05	-1.8013e-05	-2.86653e-05	-0.010598	-0.00300774	0.0143704
12	0.000145622	-4.03724e-05	0.350023	0.0264638	-0.011908	0.00274302	-8.66844e-05	-2.08677e-05	-1.93218e-06	-0.00861885	-0.00269728	0.0390962
13	0.000173257	-5.36531e-05	0.350026	0.0288069	-0.0146533	0.00222321	-9.43717e-05	-2.34625e-05	4.91526e-05	-0.00675788	-0.00248299	0.0630738
14	0.000203281	-6.9743e-05	0.350028	0.0312405	-0.0175266	0.00172232	-0.000100454	-2.58576e-05	0.000124104	-0.00541008	-0.00229269	0.0868292
15	0.000235796	-8.87454e-05	0.350029	0.0337901	-0.0204781	0.00122743	-0.000105782	-2.80528e-05	0.000226451	-0.00525171	-0.00207663	0.117865
16	0.000270938	-0.000110703	0.35003	0.0364928	-0.0234368	0.0007049	-0.000111879	-3.00373e-05	0.000368396	-0.00695149	-0.00186147	0.166026
17	0.000308846	-0.000135522	0.350031	0.039324	-0.026202	0.000140001	-0.00012135	-3.20464e-05	0.000574341	-0.0120031	-0.00210867	0.245862
18	0.000349639	-0.000162813	0.35003	0.0422619	-0.0283799	-0.000523253	-0.000135638	-3.47833e-05	0.000884606	-0.0165923	-0.00328529	0.37467
19	0.000393445	-0.000191575	0.350029	0.0453503	-0.0291432	-0.00143807	-0.000142903	-3.88447e-05	0.00135628	0.00202681	-0.00470609	0.568675
20	0.000440684	-0.000219753	0.350027	0.049128	-0.0272131	-0.00322659	-0.000108001	-5.59039e-05	0.00207082	0.0677106	-0.0292332	0.860404
21	0.00049445	-0.000246665	0.350024	0.0584035	-0.0266114	-0.00271038	-4.15408e-05	-8.43326e-05	0.00289274	0.0650936	-0.0275014	0.783445
22	0.000557517	-0.000272979	0.350022	0.06773	-0.026017	-0.00224409	2.28416e-05	-0.000111063	0.00364104	0.063525	-0.0259452	0.71315
23	0.000629955	-0.000298666	0.35002	0.0771467	-0.0253574	-0.00179728	8.76412e-05	-0.000136196	0.00431894	0.0659066	-0.0243963	0.642651
24	0.000711905	-0.000323581	0.350018	0.0867536	-0.024471	-0.00123137	0.000156972	-0.000159248	0.00492042	0.0725764	-0.0218544	0.560309
25	0.000804431	-0.000347081	0.350017	0.0982974	-0.02253	-8.4417e-05	0.000214617	-0.000177499	0.00551823	0.0425135	-0.0148695	0.635312
26	0.00090583	-0.000370968	0.350017	0.104501	-0.025244	-2.52888e-05	0.000251078	-0.000193357	0.00605242	0.0302096	-0.0170961	0.433057
27	0.00101397	-0.000397887	0.350018	0.111788	-0.0285944	0.000620131	0.000278872	-0.000218514	0.0063952	0.0252374	-0.033398	0.252485
28	0.00112999	-0.000428837	0.35002	0.120237	-0.0333046	0.00447757	0.000308038	-0.000239718	0.00680332	0.0329079	-0.00925041	0.563743
29	0.00124995	-0.000460515	0.350024	0.119688	-0.030051	0.00303829	0.000344807	-0.000247265	0.00736613	0.0403563	-0.00621023	0.56188
30	0.00136937	-0.00048896	0.350026	0.11915	-0.0268396	0.00160085	0.000387637	-0.000252117	0.00792717	0.0450233	-0.00390552	0.560196
31	0.00148825	-0.000514212	0.350027	0.118621	-0.0236651	0.000164697	0.000433919	-0.000254955	0.0084866	0.0472559	-0.00222999	0.558655
32	0.00160661	-0.000536306	0.350027	0.1181	-0.0205232	-0.0012706	0.000481374	-0.00025636	0.00904454	0.0473703	-0.00109103	0.557226
33	0.00172446	-0.000555271	0.350025	0.117585	-0.0174061	-0.00269323	0.000527989	-0.000256845	0.00960111	0.0455735	-0.000440603	0.555907
34	0.00184179	-0.000571138	0.350021	0.117078	-0.0143272	-0.00409451	0.00057129	-0.000256938	0.0101563	0.0407431	-0.000355151	0.554503
35	0.00195869	-0.000584066	0.350017	0.116735	-0.0115292	-0.00538413	0.000610303	-0.000256978	0.0106989	0.0370042	-0.000366472	0.530646
36	0.00207556	-0.000594497	0.350011	0.116998	-0.00933233	-0.00660801	0.000650061	-0.000256853	0.0111825	0.0422641	6.1571e-06	0.436601
37	0.00219324	-0.000603093	0.350003	0.118372	-0.00786063	-0.008121	0.00069912	-0.00025626	0.011516	0.0556819	0.000731056	0.230352
38	0.0023129	-0.000610801	0.349994	0.120945	-0.00755566	-0.00988075	0.000762709	-0.000254521	0.0115771	0.0714649	0.00265676	-0.108187
39	0.0024358	-0.000619108	0.349983	0.124851	-0.00905773	-0.0118534	0.000841536	-0.000252739	0.0112254	0.0863674	0.0014713	-0.595212
40	0.00256375	-0.000630218	0.34997	0.131037	-0.0131628	-0.0144393	0.000956449	-0.000272293	0.0103059	0.143942	-0.0389249	-1.24378
41	0.00270327	-0.000643312	0.349956	0.148004	-0.013025	-0.0133252	0.00108778	-0.000309742	0.00915554	0.119394	-0.033621	-1.05699
42	0.00285954	-0.000656286	0.349943	0.164542	-0.0129217	-0.0122942	0.00119547	-0.000342098	0.00818159	0.0966189	-0.0288676	-0.890981
43	0.0030322	-0.000669195	0.349932	0.180789	-0.0128979	-0.0113304	0.00127949	-0.000369991	0.00736898	0.0719894	-0.024908	-0.734306
44	0.00322139	-0.000682268	0.349921	0.197577	-0.0132471	-0.0103301	0.0013345	-0.000395639	0.0067179	0.0385391	-0.0246852	-0.56793
45	0.00342908	-0.000696678	0.349912	0.217805	-0.0155727	-0.0080146	0.00139532	-0.000415045	0.00614014	0.0835635	-0.0125499	-0.587637
46	0.0036513	-0.000709609	0.349904	0.226639	-0.010289	-0.00814433	0.00147503	-0.000427798	0.00567936	0.0762441	-0.0116334	-0.333954
47	0.00388268	-0.000717052	0.349896	0.236118	-0.00459704	-0.00676612	0.0015523	-0.000448582	0.0054346	0.078509	-0.0291933	-0.155625
48	0.00412273	-0.000718182	0.349895	0.243977	0.00233763	0.00370739	0.00164586	-0.000449856	0.00501877	0.108992	0.0279736	-0.676053
49	0.00436677	-0.000717357	0.349897	0.244119	-0.000688898	0.000527737	0.00172328	-0.000421931	0.00438006	0.0464062	0.0300285	-0.601255
50	0.00461095	-0.000719531	0.349896	0.244226	-0.00365899	-0.00252802	0.00174226	-0.000392376	0.00381537	-0.0079835	0.0310391	-0.528022
51	0.00485521	-0.000724652	0.349892	0.244294	-0.00658355	-0.00546386	0.00171064	-0.000362133	0.00332276	-0.0548801	0.0311472	-0.457098
52	0.00509951	-0.000732679	0.349885	0.244322	-0.00947019	-0.00828732	0.00163552	-0.000332013	0.00289993	-0.0950769	0.0305089	-0.388456
53	0.00534382	-0.000743588	0.349875	0.244289	-0.0123472	-0.011024	0.00152254	-0.000302396	0.00254371	-0.130649	0.0298492	-0.323886
54	0.00558809	-0.00075737	0.349863	0.244257	-0.0152161	-0.0136079	0.0013761	-0.000273508	0.00225321	-0.162081	0.0287696	-0.257043
55	0.00583246	-0.000773974	0.349848	0.244488	-0.0179932	-0.0160633	0.00119865	-0.000245742	0.00204427	-0.192699	0.0272993	-0.160756
56	0.00607734	-0.000793253	0.349831	0.245269	-0.0205642	-0.0185108	0.000988803	-0.000219322	0.001961	-0.226958	0.0257231	-0.00572608
57	0.00632342	-0.000814914	0.349811	0.246883	-0.0227582	-0.0211484	0.000741771	-0.000194006	0.00207694	-0.267154	0.0247079	0.237639
58	0.00657169	-0.00083841	0.349788	0.249661	-0.0242337	-0.0242141	0.00045486	-0.000168576	0.00250045	-0.30682	0.0256449	0.609409
59	0.00682346	-0.00086248	0.349762	0.253878	-0.0239073	-0.0279622	0.000145468	-0.000143184	0.00338479	-0.31224	0.0246091	1.1593
60	0.00708099	-0.00088409	0.349732	0.261174	-0.0193115	-0.0314996	-0.000180887	-0.000150519	0.00498461	-0.340941	-0.0392225	2.04032
61	0.00735297	-0.000902678	0.349702	0.282787	-0.0178639	-0.0298182	-0.000491004	-0.00018908	0.00688498	-0.279938	-0.0366217	1.76044
62	0.00764621	-0.000919851	0.349673	0.303698	-0.0164826	-0.0282484	-0.000743663	-0.00022545	0.0085194	-0.226058	-0.0341001	1.50845
63	0.00796017	-0.000935626	0.349645	0.324224	-0.0150671	-0.0267641	-0.000942845	-0.000260029	0.00990862	-0.17298	-0.0327168	1.27004
64	0.00829489	-0.000949825	0.349619	0.345217	-0.0133318	-0.0250903	-0.00108449	-0.000295533	0.0110574	-0.110952	-0.0359622	1.02754
65	0.0086526	-0.000961299	0.349596	0.370193	-0.00961578	-0.0215793	-0.00121406	-0.000327126	0.0120988	-0.148825	-0.0248297	1.05542
66	0.00902718	-0.000973677	0.349575	0.378977	-0.0151413	-0.0206831	-0.00135428	-0.000354053	0.0129778	-0.132228	-0.0267664	0.702606
67	0.0094108	-0.000991715	0.349556	0.38827	-0.0209345	-0.0177228	-0.00147893	-0.000394662	0.0135636	-0.117505	-0.0527908	0.469069
68	0.00980245	-0.00101679	0.349545	0.395018	-0.0292118	-0.00413627	-0.00163355	-0.000420173	0.0143091	-0.192343	0.00408789	1.02209
69	0.0101975	-0.00104457	0.349539	0.395068	-0.0263567	-0.00744207	-0.0017927	-0.000417076	0.0152801	-0.12676	0.00543251	0.919771
70	0.0105925	-0.00106952	0.34953	0.395026	-0.0235382	-0.0106544	-0.00189007	-0.000412821	0.0161517	-0.0687214	0.00628839	0.823367
71	0.0109875	-0.00109165	0.349518	0.394865	-0.0207127	-0.0136895	-0.00193296	-0.000407786	0.0169305	-0.017689	0.00676	0.73439
72	0.0113822	-0.00111094	0.349503	0.394598	-0.0178789	-0.0165622	-0.00192798	-0.000402277	0.0176239	0.0270856	0.00693388	0.652213
73	0.0117766	-0.00112739	0.349485	0.394245	-0.0150198	-0.0192609	-0.0018806	-0.000396561	0.0182376	0.0671896	0.00683478	0.575196
74	0.0121707	-0.00114096	0.349464	0.393901	-0.0121144	-0.0217064	-0.0017941	-0.000390961	0.0187714	0.105397	0.00632754	0.492353
75	0.0125646	-0.00115163	0.349441	0.393808	-0.00923158	-0.0239247	-0.00166869	-0.00038588	0.0192062	0.145078	0.00534072	0.377337
76	0.0129586	-0.00115948	0.349416	0.394229	-0.00646488	-0.0260307	-0.00150078	-0.000381722	0.0194965	0.190522	0.00389484	0.203159
77	0.0133534	-0.00116469	0.349389	0.395396	-0.00394756	-0.0281986	-0.00128369	-0.000378682	0.0195708	0.243604	0.00239177	-0.0544346
78	0.0137499	-0.00116764	0.34936	0.397552	-0.00195697	-0.0306716	-0.00101273	-0.000376295	0.0193304	0.298485	0.00182982	-0.4265
79	0.0141492	-0.00116919	0.349327	0.401023	-0.00115312	-0.0339762	-0.000698825	-0.000375597	0.0186434	0.329844	-0.00161004	-0.947414
80	0.014553	-0.00117151	0.349291	0.406719	-0.00347922	-0.0379728	-0.000358404	-0.000403131	0.0173064	0.352038	-0.0548702	-1.72657
81	0.0149688	-0.00117497	0.349255	0.424829	-0.00344537	-0.0359015	-3.35423e-05	-0.000453396	0.0156794	0.299079	-0.0462973	-1.52734
82	0.0154021	-0.00117841	0.34922	0.441833	-0.0034385	-0.0339101	0.000241078	-0.000495952	0.0142425	0.251526	-0.038517	-1.3466
83	0.0158521	-0.00118191	0.349187	0.458086	-0.00355261	-0.0319665	0.000467824	-0.000531927	0.0129846	0.203259	-0.0325419	-1.16922
84	0.0163183	-0.00118568	0.349156	0.474346	-0.00399085	-0.0297752	0.000642061	-0.00056421	0.0119117	0.146391	-0.0308327	-0.97658
85	0.0168023	-0.00119068	0.349128	0.493626	-0.00600849	-0.0259948	0.000803862	-0.000588702	0.0109164	0.178358	-0.0167113	-1.01402
86	0.0172993	-0.00119442	0.349102	0.500392	-0.00147335	-0.0249986	0.000972096	-0.000603269	0.0100366	0.159157	-0.0108603	-0.745686
87	0.0178033	-0.00119335	0.349079	0.507618	0.00361504	-0.0223817	0.00112694	-0.00062175	0.00937817	0.151335	-0.0247201	-0.571154
88	0.0183134	-0.00118645	0.349062	0.512503	0.0101771	-0.0107653	0.00128751	-0.000621783	0.00856843	0.170808	0.0266088	-1.04832
89	0.0188255	-0.00117797	0.34905	0.511686	0.00678917	-0.0133631	0.0014281	-0.000594505	0.00753688	0.111626	0.0307484	-1.01471
90	0.0193367	-0.00117285	0.349036	0.510834	0.00344487	-0.0158427	0.00151311	-0.000563769	0.00653863	0.0595563	0.0336592	-0.981696
91	0.0198471	-0.00117106	0.349018	0.509948	0.000137904	-0.0182126	0.00154928	-0.000530642	0.0055731	0.0138398	0.0355522	-0.94925
92	0.0203566	-0.00117256	0.348999	0.50903	-0.00313729	-0.0204805	0.00154262	-0.000496006	0.00463974	-0.0262057	0.0366064	-0.917366
93	0.0208652	-0.00117733	0.348978	0.508101	-0.00639787	-0.0226415	0.00149793	-0.000460582	0.0037388	-0.0623108	0.0369794	-0.8844
94	0.0213728	-0.00118537	0.348954	0.507173	-0.0096816	-0.0246111	0.00141851	-0.000424916	0.00287286	-0.0957559	0.0368786	-0.847371
95	0.0218796	-0.00119667	0.348928	0.506374	-0.0129291	-0.0264374	0.00130654	-0.000389344	0.00205331	-0.127528	0.0364997	-0.79164
96	0.0223857	-0.00121117	0.348901	0.505925	-0.0160563	-0.0281982	0.00116233	-0.000354109	0.0013106	-0.160323	0.0358038	-0.693684
97	0.0228916	-0.00122866	0.348872	0.505899	-0.0189202	-0.0300795	0.000986594	-0.000319154	0.000691445	-0.190743	0.0354363	-0.54455
98	0.0233978	-0.00124875	0.348841	0.506436	-0.021266	-0.0322956	0.000785589	-0.000283229	0.000258628	-0.211007	0.0371799	-0.321019
99	0.0239049	-0.00127057	0.348807	0.507687	-0.0223763	-0.0352222	0.000580093	-0.000244783	0.000106516	-0.199905	0.0399198	0.0168483
100	0.024414	-0.00129199	0.34877	0.510667	-0.0204548	-0.0381119	0.000372345	-0.000225883	0.000439634	-0.215747	-0.0024361	0.649406
101	0.0249304	-0.00131187	0.348734	0.522074	-0.0193186	-0.0353225	0.000174288	-0.000228718	0.00104841	-0.180644	-0.0035675	0.568146
102	0.0254578	-0.00133064	0.3487	0.532762	-0.0182196	-0.0326633	9.5881e-06	-0.000232716	0.00157746	-0.149	-0.00452527	0.48995
103	0.0259958	-0.00134827	0.348668	0.543097	-0.017045	-0.0301608	-0.000122525	-0.000237898	0.00202299	-0.115436	-0.00578794	0.401111
104	0.0265442	-0.00136462	0.348639	0.553825	-0.0156511	-0.0275866	-0.000216021	-0.000245582	0.00237015	-0.0717244	-0.00946345	0.293216
105	0.0271048	-0.00137897	0.348614	0.56728	-0.0130376	-0.023636	-0.000304762	-0.000252245	0.00270469	-0.105924	-0.0036888	0.375863
106	0.0276743	-0.00139325	0.348591	0.571689	-0.015524	-0.0223895	-0.000405164	-0.000257504	0.002984	-0.0950221	-0.00662974	0.182769
107	0.0282486	-0.00141062	0.348569	0.576923	-0.0192141	-0.0204511	-0.00049988	-0.000273222	0.00311076	-0.0944766	-0.0246918	0.0707645
108	0.0288274	-0.0014324	0.348553	0.580793	-0.0243505	-0.0122901	-0.000584466	-0.000281686	0.00339237	-0.0748517	0.00806802	0.492452
109	0.0294075	-0.00145488	0.34854	0.579344	-0.0206192	-0.0139339	-0.000634468	-0.000272479	0.00389303	-0.0254308	0.0109568	0.508868
110	0.0299861	-0.00147367	0.348525	0.577867	-0.0169516	-0.0155147	-0.000638555	-0.000260767	0.00441019	0.0169806	0.0131251	0.525435
111	0.0305632	-0.00148881	0.348509	0.576364	-0.0133402	-0.0170381	-0.000603347	-0.000247191	0.00494399	0.0531643	0.0146905	0.542149
112	0.0311388	-0.00150037	0.348491	0.57484	-0.00977869	-0.0185091	-0.000534723	-0.000232283	0.00549458	0.0838208	0.015753	0.559016
113	0.0317129	-0.00150839	0.348472	0.573283	-0.00624455	-0.0199043	-0.000437823	-0.000216485	0.00606271	0.109723	0.016395	0.577213
114	0.0322854	-0.00151286	0.348451	0.571717	-0.00271264	-0.0211599	-0.000316804	-0.00020014	0.00664784	0.132071	0.0167365	0.59303
115	0.0328563	-0.00151383	0.34843	0.570151	0.000773684	-0.0223007	-0.00017625	-0.00018344	0.00724628	0.148809	0.0169572	0.603853
116	0.0334258	-0.00151139	0.348407	0.568839	0.0041099	-0.0234364	-2.03107e-05	-0.000166439	0.00783943	0.162861	0.0171622	0.582435
117	0.0339941	-0.00150575	0.348383	0.567758	0.0071657	-0.0246754	0.000144673	-0.000149044	0.00839489	0.166932	0.0175582	0.528499
118	0.0345615	-0.00149734	0.348357	0.566998	0.00967184	-0.0261672	0.000307321	-0.000130408	0.0088681	0.158231	0.0195009	0.417928
119	0.0351284	-0.00148716	0.34833	0.566834	0.0106698	-0.027779	0.000461028	-0.000110368	0.00915077	0.149114	0.0203621	0.147418
120	0.035696	-0.00147719	0.348301	0.568278	0.0092792	-0.0298875	0.000616677	-0.000105201	0.0090445	0.162206	-0.00991337	-0.359949
121	0.036268	-0.00146823	0.348273	0.575808	0.00863255	-0.0271173	0.000764299	-0.000115802	0.00869609	0.133115	-0.0108085	-0.336888
122	0.0368473	-0.00145991	0.348247	0.58288	0.00801879	-0.0245098	0.000884237	-0.000127196	0.00837214	0.106838	-0.0114452	-0.311024
123	0.0374337	-0.00145224	0.348224	0.589745	0.00731587	-0.0220662	0.000976905	-0.000139236	0.00808185	0.0785762	-0.0120945	-0.26959
124	0.0380271	-0.00144538	0.348203	0.597229	0.00641395	-0.0197023	0.00103767	-0.000152547	0.0078479	0.0430137	-0.0140553	-0.19832
125	0.0386294	-0.00143993	0.348185	0.607265	0.00447032	-0.0162289	0.00109625	-0.000163538	0.00760872	0.0742316	-0.00741691	-0.28007
126	0.0392385	-0.00143463	0.348169	0.610882	0.00614549	-0.0154221	0.00116386	-0.00017108	0.00739722	0.0610616	-0.00718958	-0.142947
127	0.0398516	-0.00142707	0.348154	0.615299	0.00897072	-0.0140029	0.00122345	-0.000185735	0.0072861	0.0581497	-0.0218547	-0.0793236
128	0.0404685	-0.00141585	0.348144	0.618597	0.0134626	-0.00706836	0.00126875	-0.000192489	0.00699412	0.0325589	0.00907426	-0.504659
129	0.0410863	-0.00140432	0.348136	0.617035	0.00961003	-0.00871755	0.00127763	-0.000182011	0.00647455	-0.0146032	0.0132056	-0.534449
130	0.0417026	-0.00139659	0.348127	0.615488	0.00583699	-0.0103151	0.00124266	-0.000167895	0.00592719	-0.0551357	0.0164059	-0.560234
131	0.0423173	-0.00139261	0.348115	0.613955	0.00213434	-0.0118653	0.00117011	-0.000150975	0.00535582	-0.0897873	0.0188113	-0.582466
132	0.0429305	-0.00139229	0.348103	0.612436	-0.0015061	-0.0133718	0.00106552	-0.000131961	0.00476379	-0.119228	0.0205411	-0.601553
133	0.0435422	-0.0013956	0.348089	0.610926	-0.00510485	-0.0148136	0.000933677	-0.000111448	0.00415398	-0.144306	0.0217043	-0.61803
134	0.0441523	-0.0014025	0.348073	0.609411	-0.00869355	-0.0161304	0.000778658	-8.99158e-05	0.00352884	-0.165606	0.0224298	-0.632203
135	0.044761	-0.00141296	0.348057	0.607894	-0.0122388	-0.0173409	0.00060512	-6.7698e-05	0.0028914	-0.181369	0.0228879	-0.642657
136	0.0453681	-0.00142693	0.348039	0.606385	-0.0156969	-0.0185189	0.000419113	-4.49462e-05	0.00224581	-0.190574	0.0232769	-0.648491
137	0.0459738	-0.00144423	0.348019	0.604901	-0.018901	-0.0197727	0.000231417	-2.16404e-05	0.0015997	-0.184774	0.0237551	-0.643711
138	0.0465781	-0.00146436	0.347999	0.603716	-0.0213595	-0.021097	5.20217e-05	2.75217e-06	0.000998369	-0.174006	0.0252006	-0.558947
139	0.0471815	-0.00148623	0.347977	0.603183	-0.0223804	-0.0226419	-0.00011534	2.81206e-05	0.000558425	-0.160731	0.0255084	-0.320942
140	0.0477852	-0.00150799	0.347953	0.604135	-0.0211432	-0.0247957	-0.000276444	3.94564e-05	0.000462256	-0.161484	-0.00287433	0.1286
141	0.0483919	-0.00152852	0.34793	0.609364	-0.0199205	-0.0220441	-0.000422772	3.46558e-05	0.000585473	-0.131163	-0.00664072	0.117836
142	0.0490038	-0.00154787	0.347909	0.614308	-0.0187748	-0.0194879	-0.000540221	2.64859e-05	0.000696486	-0.103729	-0.00959227	0.104198
143	0.0496205	-0.00156605	0.347891	0.619177	-0.0175825	-0.0171135	-0.00062938	1.55686e-05	0.000786235	-0.0745848	-0.0121373	0.0753137
144	0.0502424	-0.00158293	0.347875	0.624642	-0.0161741	-0.0147907	-0.000686397	1.70283e-06	0.000831026	-0.039448	-0.0155353	0.0142853
145	0.0508711	-0.00159791	0.347862	0.632664	-0.0137886	-0.0114825	-0.000740149	-1.14582e-05	0.00088287	-0.068057	-0.0107128	0.0894212
146	0.0515051	-0.0016122	0.347851	0.635275	-0.0147895	-0.0107415	-0.000802082	-2.32967e-05	0.000911639	-0.0558101	-0.0129198	-0.031864
147	0.052142	-0.00162807	0.347841	0.638647	-0.0169607	-0.00945929	-0.000857622	-4.37363e-05	0.000854339	-0.055265	-0.0280544	-0.0827016
148	0.052782	-0.00164713	0.347834	0.641362	-0.0211526	-0.00392557	-0.000896633	-5.95151e-05	0.000968924	-0.0227701	-0.00330226	0.311899
149	0.0534226	-0.00166636	0.347829	0.639734	-0.0173079	-0.00528875	-0.000896846	-6.13666e-05	0.00129554	0.0223045	0.000185165	0.341333
150	0.0540615	-0.00168179	0.347823	0.638123	-0.013547	-0.00662062	-0.000855169	-6.00951e-05	0.0016495	0.0610069	0.00297786	0.366592
151	0.0546988	-0.00169349	0.347816	0.636529	-0.00986079	-0.00792408	-0.000777617	-5.63279e-05	0.00202688	0.0940543	0.00517271	0.388165
152	0.0553346	-0.00170154	0.347808	0.634952	-0.00624085	-0.00920171	-0.000669524	-5.06015e-05	0.00242422	0.122089	0.00685516	0.406491
153	0.0559687	-0.001706	0.347798	0.633386	-0.00266844	-0.0104329	-0.000535525	-4.33752e-05	0.00283851	0.14587	0.00809678	0.422096
154	0.0566013	-0.00170689	0.347787	0.631819	0.000888996	-0.0115541	-0.000379574	-3.50262e-05	0.00326724	0.165999	0.00899342	0.435346
155	0.0572324	-0.00170424	0.347775	0.630253	0.0044053	-0.0125808	-0.000206004	-2.58165e-05	0.00370749	0.181115	0.00968387	0.44515
156	0.0578618	-0.00169813	0.347762	0.628698	0.00782296	-0.0135871	-2.08283e-05	-1.58892e-05	0.00415508	0.189218	0.0102723	0.450036
157	0.0584898	-0.00168871	0.347747	0.627172	0.0110023	-0.0146763	0.000165541	-5.22504e-06	0.00460263	0.183511	0.0109912	0.445063
158	0.0591163	-0.00167644	0.347732	0.625877	0.0135464	-0.0158991	0.000341968	6.73198e-06	0.00501483	0.169344	0.0127137	0.379337
159	0.0597418	-0.00166228	0.347715	0.625184	0.0147792	-0.0173974	0.000502982	2.00218e-05	0.00529285	0.152692	0.0136311	0.176713
160	0.0603673	-0.0016479	0.347697	0.62581	0.0139703	-0.0196187	0.000653057	2.24395e-05	0.00527466	0.147457	-0.00877464	-0.213081
161	0.0609952	-0.00163436	0.347679	0.629866	0.0131117	-0.0171671	0.000786088	1.24535e-05	0.0050652	0.118598	-0.010896	-0.205859
162	0.061627	-0.00162165	0.347663	0.633736	0.0123043	-0.0149112	0.000891715	6.20804e-07	0.00486515	0.0926544	-0.0124337	-0.19427
163	0.0622626	-0.00160976	0.347649	0.637529	0.0114794	-0.012805	0.000970617	-1.25771e-05	0.00468321	0.0651512	-0.0136233	-0.169619
164	0.0629023	-0.00159879	0.347637	0.64176	0.010457	-0.0106702	0.00101893	-2.75147e-05	0.00454052	0.0314829	-0.015968	-0.115798
165	0.0635473	-0.00158931	0.347628	0.64837	0.00851516	-0.00761759	0.0010638	-4.07988e-05	0.00439452	0.0582675	-0.010296	-0.176224
166	0.0641967	-0.00158029	0.347621	0.650393	0.00952451	-0.00695048	0.00111792	-5.13011e-05	0.00427231	0.049976	-0.0104419	-0.0682248
167	0.0648485	-0.00156961	0.347614	0.653161	0.0118178	-0.00564775	0.00116807	-6.85129e-05	0.00422683	0.0503417	-0.0238777	-0.0227824
168	0.0655027	-0.00155565	0.347611	0.655336	0.0161172	-0.000220467	0.00120378	-8.0376e-05	0.00401057	0.0210945	0.000664329	-0.40976
169	0.0661573	-0.00154148	0.34761	0.653746	0.0122231	-0.00172537	0.00120187	-7.8196e-05	0.0035863	-0.0248473	0.00471636	-0.438766
170	0.0668102	-0.00153116	0.347608	0.652174	0.00841315	-0.00319404	0.00115728	-7.24102e-05	0.00313505	-0.0642556	0.00791982	-0.463718
171	0.0674616	-0.00152461	0.347604	0.65062	0.00467808	-0.00462974	0.00107619	-6.37817e-05	0.00266064	-0.0978684	0.0103967	-0.485085
172	0.0681115	-0.00152177	0.347599	0.649082	0.00100947	-0.00603539	0.00096405	-5.29606e-05	0.00216644	-0.126346	0.0122538	-0.503288
173	0.0687598	-0.00152257	0.347592	0.647556	-0.00261169	-0.00739136	0.000825616	-4.04996e-05	0.00165537	-0.150473	0.0135827	-0.51884
174	0.0694066	-0.00152698	0.347584	0.646032	-0.00620958	-0.00863844	0.000665186	-2.68804e-05	0.00113004	-0.170352	0.014439	-0.531803
175	0.0700519	-0.00153496	0.347575	0.644511	-0.0097457	-0.00979846	0.000488015	-1.25398e-05	0.000593742	-0.183969	0.0148605	-0.540766
176	0.0706956	-0.00154643	0.347564	0.643003	-0.0131877	-0.010936	0.000300615	2.25467e-06	5.08192e-05	-0.190826	0.0151566	-0.545069
177	0.0713379	-0.00156121	0.347553	0.641517	-0.0163727	-0.0121522	0.000113923	1.76713e-05	-0.000490864	-0.18257	0.0159012	-0.53829
178	0.0719788	-0.00157884	0.34754	0.640265	-0.0189024	-0.0134844	-6.02532e-05	3.45051e-05	-0.000994052	-0.165808	0.0177935	-0.468085
179	0.0726187	-0.00159837	0.347526	0.639592	-0.0201419	-0.015083	-0.000216167	5.29271e-05	-0.00136049	-0.146053	0.0189493	-0.264795
180	0.0732586	-0.00161814	0.347509	0.640174	-0.0194025	-0.0173657	-0.00035672	6.08982e-05	-0.00143566	-0.135062	-0.00305008	0.114458
181	0.0739005	-0.001637	0.347493	0.643615	-0.0183215	-0.0150763	-0.000477803	5.64143e-05	-0.00131961	-0.107089	-0.00582093	0.117642
182	0.0745457	-0.00165481	0.347479	0.64691	-0.0173083	-0.0129727	-0.000572189	4.95248e-05	-0.00120262	-0.081672	-0.00783531	0.116331
183	0.0751943	-0.00167162	0.347467	0.650152	-0.0162972	-0.0110052	-0.000640327	4.08465e-05	-0.00109355	-0.0545934	-0.00938907	0.101832
184	0.0758462	-0.0016873	0.347457	0.653757	-0.0150601	-0.00898164	-0.000679261	2.98918e-05	-0.001016	-0.0232688	-0.012418	0.0532722
185	0.0765029	-0.00170129	0.34745	0.659522	-0.0129318	-0.00595963	-0.0007159	1.94365e-05	-0.000932643	-0.0500059	-0.00837621	0.113462
186	0.0771631	-0.00171458	0.347444	0.661061	-0.013644	-0.0052756	-0.000763265	1.0376e-05	-0.000869845	-0.0447232	-0.00965199	0.0121479
187	0.0778253	-0.00172921	0.347439	0.663322	-0.0156194	-0.00398372	-0.000809592	-6.15951e-06	-0.000879588	-0.0479289	-0.0234343	-0.0316077
188	0.0784895	-0.00174678	0.347438	0.665043	-0.0195201	0.00115679	-0.000843957	-1.82924e-05	-0.000726189	-0.020805	-0.000577784	0.338426
189	0.0791538	-0.00176438	0.347439	0.663427	-0.0156849	-0.000187027	-0.000842916	-1.76827e-05	-0.000373334	0.0228733	0.00239243	0.367283
190	0.0798164	-0.00177819	0.347438	0.66183	-0.0119326	-0.00150427	-0.000801287	-1.44299e-05	6.33348e-06	0.0603737	0.00473741	0.392047
191	0.0804774	-0.00178829	0.347436	0.66025	-0.00825415	-0.00279747	-0.000724899	-9.0957e-06	0.000408961	0.0923912	0.00654547	0.4132
192	0.0811369	-0.00179473	0.347432	0.658688	-0.00464139	-0.0040689	-0.000618927	-2.1594e-06	0.000831151	0.119548	0.00789447	0.431171
193	0.0817948	-0.00179759	0.347427	0.657137	-0.00107598	-0.00529837	-0.000487863	5.96976e-06	0.00126998	0.142583	0.00884953	0.446477
194	0.0824512	-0.0017969	0.347422	0.65559	0.00245152	-0.00643059	-0.000336201	1.48911e-05	0.00172257	0.160749	0.00936603	0.458698
195	0.083106	-0.00179272	0.347415	0.654048	0.00592185	-0.00748256	-0.000169242	2.42283e-05	0.00218551	0.173188	0.00954247	0.467174
196	0.0837593	-0.00178511	0.347407	0.652516	0.00928847	-0.00851671	6.51025e-06	3.38984e-05	0.00265423	0.178344	0.00987402	0.470275
197	0.084411	-0.00177427	0.347398	0.651003	0.0123925	-0.00963617	0.000179722	4.4427e-05	0.00312016	0.168117	0.0110964	0.461578
198	0.0850614	-0.00176063	0.347387	0.649705	0.0148896	-0.0108954	0.000338275	5.67838e-05	0.0035491	0.149032	0.0133949	0.396319
199	0.0857107	-0.0017451	0.347376	0.648962	0.0161765	-0.0124464	0.000476573	7.11043e-05	0.00385068	0.127603	0.0150004	0.206836
200	0.0863599	-0.0017292	0.347362	0.649395	0.0156169	-0.0147071	0.00059751	7.64321e-05	0.00388083	0.114274	-0.00437724	-0.146515
201	0.0870108	-0.00171403	0.347348	0.652406	0.0147248	-0.0125989	0.000698956	7.08433e-05	0.00373161	0.0885962	-0.00660684	-0.151935
202	0.0876646	-0.00169972	0.347337	0.655291	0.0138921	-0.0106628	0.000775882	6.33301e-05	0.0035794	0.0652352	-0.00819516	-0.152493
203	0.0883214	-0.00168624	0.347327	0.658117	0.0130749	-0.00884794	0.000828642	5.44504e-05	0.0034329	0.0402683	-0.00932904	-0.140528
204	0.0889811	-0.00167368	0.347319	0.661297	0.0120415	-0.00697853	0.000854317	4.37334e-05	0.00331511	0.0110705	-0.0119067	-0.0950694
205	0.0896449	-0.00166256	0.347314	0.666397	0.0101919	-0.00409049	0.000878256	3.36182e-05	0.00319151	0.0367977	-0.00810952	-0.152147
206	0.0903119	-0.00165197	0.34731	0.667679	0.0109977	-0.00339907	0.000913536	2.49995e-05	0.0030886	0.033756	-0.00894357	-0.0536976
207	0.0909806	-0.00163994	0.347307	0.669676	0.0130652	-0.00206522	0.000949709	9.22952e-06	0.00305622	0.0385879	-0.022536	-0.0110868
208	0.091651	-0.00162488	0.347308	0.671163	0.017056	0.00311946	0.000976163	-2.02725e-06	0.00285982	0.0143201	0.000400778	-0.381739
209	0.0923214	-0.00160976	0.34731	0.669572	0.013169	0.00167886	0.000968616	-4.3112e-07	0.00246382	-0.0294131	0.00356159	-0.410245
210	0.0929902	-0.0015985	0.347311	0.667999	0.00936445	0.000267573	0.00092045	3.97376e-06	0.00204134	-0.0669211	0.00604626	-0.43471
211	0.0936574	-0.001591	0.347311	0.666443	0.00563324	-0.00111715	0.000837539	1.05813e-05	0.00159617	-0.0989061	0.0079514	-0.45561
212	0.0943231	-0.0015872	0.347309	0.664904	0.00197053	-0.00247864	0.000725194	1.88656e-05	0.00113174	-0.125799	0.00934289	-0.473248
213	0.0949872	-0.00158703	0.347306	0.663379	-0.00163665	-0.003799	0.000588294	2.83524e-05	0.000651136	-0.148022	0.0102621	-0.487946
214	0.0956499	-0.00159045	0.347301	0.661857	-0.00520612	-0.00502202	0.000431636	3.85915e-05	0.000157369	-0.165328	0.0107198	-0.499577
215	0.096311	-0.00159742	0.347296	0.660341	-0.00872222	-0.00616544	0.000260428	4.91797e-05	-0.000346267	-0.177131	0.010805	-0.507687
216	0.0969705	-0.00160782	0.347289	0.658826	-0.0120948	-0.00729249	8.23937e-05	6.03346e-05	-0.000853996	-0.178994	0.011679	-0.507768
217	0.0976286	-0.00162148	0.347281	0.657328	-0.0152118	-0.00850474	-9.00771e-05	7.29327e-05	-0.00135606	-0.166014	0.0135132	-0.496359
218	0.0982853	-0.00163794	0.347272	0.656049	-0.0177174	-0.00984648	-0.000245329	8.79125e-05	-0.00181807	-0.144564	0.0162915	-0.427677
219	0.098941	-0.0016563	0.347261	0.655286	-0.0189888	-0.0114517	-0.000378255	0.000105218	-0.0021499	-0.121351	0.0181134	-0.235991
220	0.0995964	-0.001675	0.347249	0.655662	-0.0184128	-0.0137347	-0.000491954	0.000113624	-0.00221029	-0.106061	-0.00135575	0.115206
221	0.100253	-0.00169291	0.347236	0.658422	-0.0174173	-0.0116894	-0.000585328	0.000110866	-0.00209024	-0.080659	-0.00402998	0.124902
222	0.100913	-0.00170986	0.347225	0.661069	-0.0164857	-0.00981079	-0.000654479	0.000105763	-0.00196316	-0.0576161	-0.00601903	0.129269
223	0.101576	-0.00172589	0.347216	0.663657	-0.0155643	-0.0080456	-0.000699807	9.88997e-05	-0.00183834	-0.033014	-0.00753814	0.120384
224	0.102241	-0.00174088	0.347209	0.6666	-0.014416	-0.00621595	-0.000718432	8.98552e-05	-0.00173927	-0.0042185	-0.0104102	0.0777591
225	0.10291	-0.00175431	0.347204	0.671377	-0.0124551	-0.00333414	-0.000735686	8.08487e-05	-0.00163316	-0.0302708	-0.00744864	0.134473
226	0.103582	-0.00176709	0.347201	0.672438	-0.013108	-0.00263483	-0.000765273	7.26535e-05	-0.00154656	-0.0288905	-0.00881165	0.0387414
227	0.104255	-0.00178115	0.347199	0.674195	-0.0149969	-0.00131296	-0.000797378	5.69797e-05	-0.00152979	-0.0353173	-0.0225098	-0.00517996
228	0.10493	-0.00179803	0.3472	0.675471	-0.0187628	0.00367317	-0.000821093	4.52707e-05	-0.0013557	-0.0120937	-0.000626472	0.353385
229	0.105604	-0.00181488	0.347204	0.673862	-0.0149461	0.00234448	-0.000812245	4.5632e-05	-0.00098833	0.0298223	0.00194923	0.381354
230	0.106277	-0.00182796	0.347205	0.672271	-0.0112103	0.00103942	-0.000764462	4.82821e-05	-0.000594991	0.0657799	0.0039711	0.405319
231	0.106949	-0.00183734	0.347206	0.670698	-0.00755125	-0.00024564	-0.000683509	5.27122e-05	-0.000179536	0.0961697	0.00549071	0.425585
232	0.107619	-0.0018431	0.347205	0.669142	-0.0039616	-0.00151311	-0.000574665	5.84723e-05	0.00025454	0.121565	0.00657558	0.442559
233	0.108287	-0.00184529	0.347203	0.667601	-0.00042595	-0.00274394	-0.000442644	6.51667e-05	0.000704154	0.142533	0.00727066	0.456661
234	0.108954	-0.00184397	0.347199	0.666062	0.00307313	-0.00388184	-0.000291993	7.24206e-05	0.00116638	0.158834	0.00757653	0.467783
235	0.109619	-0.00183917	0.347195	0.66453	0.00652096	-0.0049432	-0.00012766	7.98946e-05	0.00163802	0.169903	0.00756953	0.475499
236	0.110283	-0.001831	0.347189	0.662997	0.00981254	-0.00599145	4.23858e-05	8.79657e-05	0.00211295	0.170269	0.00861315	0.474359
237	0.110945	-0.00181967	0.347183	0.661483	0.0128587	-0.00712789	0.00020572	9.76236e-05	0.00258128	0.156488	0.0105864	0.462297
238	0.111606	-0.00180561	0.347175	0.660103	0.015265	-0.00838577	0.000351544	0.000109673	0.00301134	0.135249	0.0132719	0.397839
239	0.112266	-0.00178973	0.347166	0.659211	0.0164785	-0.0099171	0.000475506	0.000123943	0.00331822	0.112745	0.0150155	0.215934
240	0.112925	-0.00177353	0.347155	0.659421	0.0159299	-0.012162	0.000580816	0.000129927	0.00336676	0.0978884	-0.00309913	-0.118864
241	0.113586	-0.00175804	0.347144	0.662006	0.0150419	-0.0102155	0.000666827	0.000125625	0.00324279	0.0741012	-0.00535038	-0.129081
242	0.114249	-0.00174342	0.347134	0.664492	0.0142097	-0.00843037	0.000730244	0.000119396	0.00311166	0.0527006	-0.0069252	-0.13317
243	0.114915	-0.00172962	0.347127	0.666895	0.0133805	-0.00674719	0.000771274	0.0001117	0.00298273	0.0293302	-0.00827199	-0.124701
244	0.115583	-0.00171676	0.347121	0.669626	0.0123481	-0.0049996	0.000786817	0.000102006	0.00287851	0.00173257	-0.0109535	-0.0837707
245	0.116255	-0.0017053	0.347117	0.674091	0.0105664	-0.00220175	0.000801139	9.24232e-05	0.00276652	0.0268903	-0.00803441	-0.140221
246	0.11693	-0.00169437	0.347115	0.675064	0.011297	-0.00150395	0.000827684	8.37343e-05	0.00267324	0.0261825	-0.00919152	-0.0463458
247	0.117605	-0.00168208	0.347115	0.67673	0.0132778	-0.000154653	0.000857279	6.76547e-05	0.00264787	0.0330034	-0.0229248	-0.00443252
248	0.118283	-0.00166687	0.347117	0.677932	0.0171423	0.00492107	0.000879236	5.56886e-05	0.00246138	0.0108876	-0.000683512	-0.368569
249	0.11896	-0.00165167	0.347121	0.676342	0.0132621	0.0034982	0.000868787	5.60591e-05	0.00207869	-0.0318286	0.00209344	-0.396808
250	0.119635	-0.00164031	0.347124	0.674771	0.00946799	0.00210081	0.000818807	5.88859e-05	0.00166986	-0.0681769	0.00424995	-0.420835
251	0.120309	-0.0016327	0.347125	0.673218	0.00575152	0.000726	0.000735334	6.36105e-05	0.00123888	-0.0988224	0.00586913	-0.441117
252	0.120982	-0.00162877	0.347125	0.671681	0.0021041	-0.000628564	0.000623744	6.97545e-05	0.000789268	-0.124418	0.00702983	-0.458105
253	0.121653	-0.00162846	0.347124	0.670158	-0.00148985	-0.00194433	0.000488798	7.69011e-05	0.000324099	-0.145543	0.00778104	-0.472225
254	0.122322	-0.00163173	0.347122	0.668639	-0.00504803	-0.00316551	0.00033509	8.46579e-05	-0.000153696	-0.16195	0.00812613	-0.483359
255	0.12299	-0.00163853	0.347118	0.667125	-0.00855614	-0.00430991	0.000167583	9.26601e-05	-0.000640954	-0.173149	0.00812332	-0.491154
256	0.123656	-0.00164875	0.347113	0.665607	-0.0118896	-0.00544075	-5.13618e-06	0.000101409	-0.00113094	-0.172385	0.00945471	-0.488822
257	0.124321	-0.00166219	0.347107	0.664105	-0.014978	-0.00665913	-0.000170048	0.000112082	-0.00161309	-0.157543	0.0118067	-0.475481
258	0.124985	-0.00167834	0.3471	0.662597	-0.0173301	-0.00795905	-0.000316979	0.000125347	-0.00205729	-0.136423	0.014506	-0.412928
259	0.125647	-0.00169624	0.347091	0.661588	-0.0184743	-0.00951808	-0.000442069	0.000140822	-0.00237921	-0.113844	0.0161994	-0.230925
260	0.126308	-0.0017144	0.34708	0.661691	-0.0178388	-0.0117658	-0.000548338	0.000147753	-0.0024425	-0.0987128	-0.00239965	0.104348
261	0.126971	-0.00173175	0.347069	0.664166	-0.0168585	-0.00983042	-0.000634791	0.000144077	-0.00233243	-0.0741594	-0.00482174	0.115797
262	0.127637	-0.00174813	0.347061	0.666504	-0.0159082	-0.00804777	-0.00069812	0.000138266	-0.00221474	-0.0524663	-0.00664319	0.119589
263	0.128304	-0.00176357	0.347053	0.668759	-0.0149571	-0.00636332	-0.000738793	0.000130748	-0.00209964	-0.0288479	-0.00822862	0.110617
264	0.128974	-0.00177794	0.347048	0.671369	-0.0137947	-0.00461043	-0.000753744	0.000121032	-0.0020099	-0.0010321	-0.0110683	0.0688928
265	0.129648	-0.00179079	0.347045	0.675773	-0.0119097	-0.00180039	-0.000767306	0.000111257	-0.00191245	-0.0260704	-0.00833447	0.126018
266	0.130324	-0.00180302	0.347043	0.67666	-0.0125479	-0.00110978	-0.000793099	0.000102243	-0.00183231	-0.0254971	-0.00956821	0.0342667
267	0.131002	-0.0018165	0.347043	0.67823	-0.0144154	0.000208973	-0.000822154	8.59094e-05	-0.0018192	-0.0326112	-0.0230772	-0.0080066
268	0.13168	-0.00183278	0.347045	0.679346	-0.0181377	0.00512672	-0.000843647	7.35119e-05	-0.00164931	-0.0103472	-0.0014348	0.347793
269	0.132359	-0.00184901	0.34705	0.677741	-0.014329	0.00378389	-0.000833202	7.30383e-05	-0.00128762	0.0312896	0.00109405	0.37559
270	0.133036	-0.00186148	0.347053	0.676155	-0.0106062	0.00246315	-0.000784252	7.47987e-05	-0.000900232	0.0666684	0.00305337	0.399187
271	0.133711	-0.00187026	0.347055	0.674588	-0.00696014	0.0011621	-0.0007027	7.82832e-05	-0.000491093	0.0964976	0.00452412	0.419086
272	0.134385	-0.00187544	0.347055	0.673037	-0.00338227	-0.000121335	-0.00059378	8.30571e-05	-6.36797e-05	0.121412	0.00557771	0.435734
273	0.135057	-0.00187706	0.347055	0.671501	0.000142647	-0.00136823	-0.000462127	8.87407e-05	0.000378965	0.14197	0.00625689	0.449549
274	0.135728	-0.00187517	0.347053	0.669967	0.003632	-0.00252261	-0.000312213	9.49736e-05	0.000833955	0.157941	0.00656124	0.460428
275	0.136397	-0.00186982	0.34705	0.66844	0.00706778	-0.00360136	-0.000149015	0.000101454	0.00129804	0.168546	0.00661442	0.467734
276	0.137065	-0.00186112	0.347045	0.666908	0.0103312	-0.00466772	1.89002e-05	0.000108723	0.00176447	0.167381	0.00798294	0.465123
277	0.137731	-0.00184928	0.34704	0.665395	0.0133557	-0.00582281	0.000178801	0.000117914	0.00222297	0.152524	0.010308	0.451893
278	0.138396	-0.00183477	0.347034	0.663857	0.0156469	-0.00706325	0.000320896	0.00012963	0.00264486	0.131771	0.0129132	0.39189
279	0.139059	-0.00181857	0.347026	0.662809	0.0167665	-0.00857642	0.000441635	0.00014348	0.00294878	0.109789	0.0145558	0.215947
280	0.139722	-0.0018021	0.347016	0.662853	0.0161619	-0.0108073	0.000544134	0.000149185	0.00300187	0.0952256	-0.00319764	-0.109755
281	0.140386	-0.00178639	0.347006	0.665287	0.0152591	-0.00892786	0.000627787	0.000144859	0.00288693	0.0720447	-0.00531993	-0.120126
282	0.141052	-0.00177157	0.346998	0.667588	0.0143824	-0.00719764	0.000689592	0.000138671	0.00276545	0.0515321	-0.00689616	-0.122851
283	0.141721	-0.00175763	0.346992	0.669804	0.0135035	-0.0055635	0.000729891	0.000131	0.00264762	0.029033	-0.00827949	-0.112815
284	0.142392	-0.00174466	0.346987	0.67234	0.0124359	-0.00386024	0.000745385	0.000121269	0.00255524	0.00193142	-0.0110451	-0.0719553
285	0.143067	-0.0017331	0.346985	0.676618	0.0106739	-0.00112963	0.000759605	0.000111526	0.00245565	0.0264854	-0.00829078	-0.127249
286	0.143744	-0.00172208	0.346984	0.67749	0.0113774	-0.000438459	0.000785935	0.000102555	0.00237431	0.0261572	-0.00952514	-0.0354264
287	0.144422	-0.00170973	0.346984	0.679047	0.0133279	0.000907469	0.000815661	8.61454e-05	0.00235947	0.0332929	-0.0232711	0.00571139
288	0.145102	-0.00169449	0.346988	0.680156	0.0171491	0.00594002	0.000838113	7.37538e-05	0.00218395	0.0115825	-0.00122161	-0.35678
289	0.145781	-0.00167928	0.346993	0.678568	0.0132728	0.00451367	0.000828492	7.35407e-05	0.00181304	-0.0308782	0.0014135	-0.385024
290	0.146459	-0.0016679	0.346997	0.676999	0.00948303	0.0031121	0.000779602	7.56563e-05	0.00141603	-0.0669616	0.00345609	-0.409011
291	0.147135	-0.00166027	0.346999	0.675446	0.00577034	0.00173269	0.000697459	7.95699e-05	0.000996892	-0.0973896	0.00499031	-0.429251
292	0.14781	-0.00165632	0.347	0.673911	0.00212623	0.00037316	0.000587395	8.48291e-05	0.000559165	-0.122809	0.0060904	-0.446196
293	0.148483	-0.00165599	0.347	0.672389	-0.00146484	-0.000947974	0.000454133	9.10391e-05	0.000105927	-0.143796	0.00680162	-0.460273
294	0.149154	-0.00165924	0.346998	0.670871	-0.0050205	-0.00217508	0.000302228	9.7826e-05	-0.000359896	-0.160102	0.00712454	-0.471368
295	0.149824	-0.00166601	0.346996	0.669357	-0.0085193	-0.00332615	0.000136845	0.000104896	-0.00083491	-0.17076	0.00722312	-0.478657
296	0.150493	-0.00167619	0.346992	0.667838	-0.0118419	-0.00446428	-3.31677e-05	0.000112829	-0.00131209	-0.169369	0.00869341	-0.475712
297	0.15116	-0.00168957	0.346987	0.666335	-0.0149226	-0.00569044	-0.00019486	0.000122836	-0.00178089	-0.154128	0.0112145	-0.461882
298	0.151826	-0.00170564	0.34698	0.664744	-0.0172231	-0.00698135	-0.000338517	0.000135498	-0.00221278	-0.133297	0.0138778	-0.401904
299	0.15249	-0.00172342	0.346972	0.663654	-0.0183274	-0.00853073	-0.000460632	0.000150331	-0.00252544	-0.111021	0.0155386	-0.223428
300	0.153154	-0.00174142	0.346963	0.663667	-0.0176734	-0.0107713	-0.000564147	0.000156744	-0.00258398	-0.0960265	-0.00277286	0.106334
301	0.153818	-0.00175859	0.346953	0.666025	-0.0166776	-0.00887218	-0.000648264	0.000152739	-0.00247252	-0.0721733	-0.00510187	0.116596
302	0.154486	-0.00177479	0.346945	0.668256	-0.0157137	-0.00712343	-0.000709903	0.000146683	-0.00235453	-0.0510691	-0.00684983	0.119401
303	0.155155	-0.00179002	0.346939	0.670409	-0.014751	-0.00547056	-0.000749421	0.000138984	-0.00223999	-0.0279341	-0.00838146	0.109678
304	0.155827	-0.00180419	0.346934	0.672911	-0.0135846	-0.0037464	-0.000763595	0.000129124	-0.00215109	-0.000389817	-0.0112039	0.0681446
305	0.156502	-0.00181684	0.346932	0.677208	-0.0117236	-0.000979923	-0.000776342	0.000119196	-0.00205484	-0.0250802	-0.00850418	0.124363
306	0.157179	-0.00182888	0.346931	0.678038	-0.0123566	-0.000294176	-0.000801249	0.000110034	-0.00197569	-0.0247174	-0.00969489	0.0339555
307	0.157858	-0.00184217	0.346931	0.679547	-0.0142163	0.00102122	-0.000829614	9.36053e-05	-0.00196261	-0.0320081	-0.0231403	-0.00776101
308	0.158538	-0.00185824	0.346935	0.680609	-0.017923	0.00591301	-0.000850642	8.10962e-05	-0.00179298	-0.0100197	-0.00159286	0.347027
