Matrix size: 252x1
0.159218
-0.00187426
0.34694
0.679007
-0.0141194
0.00456247
-0.000839975
8.04508e-05
-0.00143212
0.031412
0.000912122
0.374697
0.17199
-0.00183634
0.346918
0.650386
0.0487101
-0.0193704
0.00316836
0.000260874
0.00803825
0.159522
0.00270685
0.484055
0.178494
-0.00134923
0.346724
0.636759
0.0744855
-0.0316783
0.00476484
0.000272606
0.0128789
-0.201371
0.0297101
0.210805
0.184862
-0.00060438
0.346408
0.614504
0.0874594
-0.0386677
0.0027517
0.000559659
0.0149883
-0.168551
-0.0021739
-0.237041
0.191007
0.000270214
0.346021
0.597514
0.0906981
-0.0419084
0.00106486
0.000544442
0.0126178
0.0923778
-0.00580523
-1.8214
0.196982
0.00117719
0.345602
0.585205
0.0873746
-0.0449063
0.00197872
0.000505786
-0.00559625
0.194946
-0.012248
-3.8327
0.202834
0.00205094
0.345153
0.58075
0.0766553
-0.0500617
0.0039088
0.000459145
-0.0439235
-0.0614463
-0.0228867
-6.35326
0.208641
0.00281749
0.344652
0.592869
0.0554404
-0.0617078
0.00326516
0.000478614
-0.107456
-0.82513
-0.60237
-8.69971
0.21457
0.0033719
0.344035
0.634063
0.0240953
-0.0841062
-0.00502778
-0.00526099
-0.194473
-0.926904
-4.79183
-5.02401
0.220911
0.00361285
0.343194
0.634063
0.0240116
-0.182125
-0.0140338
-0.0534313
-0.244472
-0.777632
-4.82859
-5.01104
0.220911
0.00361285
0.343194
0.634063
0.0240116
-0.182125
-0.0140338
-0.0534313
-0.244472
-0.777632
-4.82859
-5.01104
-1.23695e-14
0
-8.84557e-16
-4.87382e-07
-1.05237e-06
4.10959e-07
-17.6826
35.6117
107.497
1.85313e-15
8.83336e-15
0
-8.54579e-14
0
-2.4609e-12
-0.440998
-0.551248
0.440998
-16.5286
32.6492
106.396
5.65809e-14
3.30401e-13
0
2.8541e-13
0
1.60002e-12
-7.68492
-11.2941
9.03529
-20.0297
27.4505
104.425
6.58895e-14
2.19727e-12
0
-1.65576e-14
0
1.01636e-14
-3.33073
-18.9816
15.1853
-17.8265
23.0148
102.943
1.19162e-14
1.01418e-15
0
-8.44346e-15
0
-7.56987e-15
-0.686485
-21.3336
17.0669
-14.6425
17.1948
101.364
-6.01968e-14
-4.11681e-15
0
-5.26322e-14
0
-6.39219e-15
4.17231
-22.0915
17.6732
-9.72
8.74282
98.0707
-2.47814e-14
4.56579e-16
0
-1.99673e-14
0
-4.98712e-14
10.032
-22.3588
17.887
5.06041
-4.06012
89.7741
-3.48578e-15
-5.13929e-15
0
-3.86571e-12
0
5.418e-14
-4.97238
-29.9155
23.9324
56.271
-9.11859
70.3388
-4.51144e-13
1.09496e-14
0
1.3302e-13
0
8.29483e-13
1.35753e-11
-0.104146
-1.40984e-12
4.4538e-11
-6.44465e-11
0.101752
-1.26099e-13
4.38642e-14
0
1.3302e-13
0
8.29483e-13
1.35753e-11
-0.104146
-1.40984e-12
4.4538e-11
-6.44465e-11
0.101752
-1.26099e-13
4.38642e-14
0
