Matrix size: 332x1
0.159218
-0.00187426
0.34694
0.679007
-0.0141194
0.00456247
-0.000839975
8.04508e-05
-0.00143212
0.031412
0.000912122
0.374697
0.166218
-0.00187426
0.35
0.7
0
0
0
0
0
0
0
0
0.173218
-0.00187426
0.35
0.7
0
0
0
0
0
0
0
0
0.180218
-0.00187426
0.35
0.7
0
0
0
0
0
0
0
0
0.187218
-0.00187426
0.35
0.7
0
0
0
0
0
0
0
0
0.194218
-0.00187426
0.35
0.7
0
0
0
0
0
0
0
0
0.201218
-0.00187426
0.35
0.7
0
0
0
0
0
0
0
0
0.208218
-0.00187426
0.35
0.7
0
0
0
0
0
0
0
0
0.215218
-0.00187426
0.35
0.7
0
0
0
0
0
0
0
0
0.222218
-0.00187426
0.35
0.7
0
0
0
0
0
0
0
0
0.229218
-0.00187426
0.35
0.7
0
0
0
0
0
0
0
0
0
0
0
0
0
0
0
0
0
0
0
0
0
0
0
0
0
0
0
0
0
0
0
0
0
0
0
0
0
0
0
0
0
0
0
0
0
0
0
0
0
0
0
0
0
0
0
0
0
0
0
0
0
0
0
0
0
0
0
0
0
0
0
0
0
0
0
0
0
0
0
0
0
0
0
0
0
0
0
0
0
0
0
0
0
0
0
0
0
0
0
0
0
0
0
0
0
0
0
0
0
0
0
0
0
0
0
0
0
0
0
0
0
0
0
0
0
0
0
0
0
1
1
0
0
1
1
0
0
1
1
0
0
1
1
0
0
1
1
0
0
1
1
0
0
1
1
0
0
1
1
0
0
1
1
0
0
1
1
0
0.279722
0.293154
0.223154
0.209722
0.279722
0.293154
0.223154
0.209722
0.279722
0.293154
0.223154
0.209722
0.279722
0.293154
0.223154
0.209722
0.279722
0.293154
0.223154
0.209722
0.279722
0.293154
0.223154
0.209722
0.279722
0.293154
0.223154
0.209722
0.279722
0.293154
0.223154
0.209722
0.279722
0.293154
0.223154
0.209722
0.279722
0.293154
0.223154
0.209722
